-0.5111606279898662d0 -1.4823067358539614d0 -0.7516796495849661d0 -0.9476977107392666d0 -0.4212228893729865d0
-0.1585276868639882d0 1.2158236329128882d0 -1.2312781855529658d0 -0.6468088572830213d0 0.050592122756403984d0
0.6607057257259896d0 -0.3875939829840215d0 -0.7820133910814262d0 -0.48267623315028435d0 -0.1138378490960151d0
1.2960220818745372d0 -0.32826993629062573d0 -1.013241110542808d0 0.06966250240192406d0 -0.08482990907243905d0
2.861065336375304d0 0.06800939909049938d0 -0.3611358355824198d0 -1.067084505891685d0 -0.5777496727633489d0
1.6588276226573067d0 0.4292679879652207d0 -1.4554347072348919d0 -0.6888745230213135d0 0.19599937629479616d0
-0.5787198951209578d0 -1.144531811651695d0 -1.0466736872019005d0 -1.2314143781388667d0 -0.00389480503387854d0
1.2978112327527072d0 -1.0379156686147408d0 -0.02724078669822838d0 -1.0312779076494494d0 -0.3500492110352377d0
0.7893684191596456d0 0.7394812168827859d0 -1.1292110085467204d0 -1.0883042179563585d0 -0.09394443805224288d0
0.059525699310604085d0 1.0133045238735723d0 -1.261922571125873d0 -0.8963598591555464d0 -0.2741533418597542d0
-0.4850853173538998d0 -0.5539345271506829d0 -0.8137280163905644d0 -0.41181102324075664d0 -0.20287815806695134d0
0.06593085022772077d0 -0.03148103069331618d0 -0.7177602042500884d0 -0.953914482164588d0 -0.7022986540386434d0
-0.11966079740534491d0 0.761359439754454d0 -1.1840448713634446d0 -0.9559723068894829d0 -0.14066594380824832d0
-0.44035376977736806d0 -1.482309265749066d0 -0.4550245670563716d0 -0.21081338689581297d0 -0.5537939114722557d0
-1.2501721072759087d0 0.7421830628295304d0 -1.0756295451632678d0 -0.28458722963844457d0 -0.17392807941719912d0
1.0363509158623987d0 -0.5924155166082509d0 -0.702295861188456d0 -0.3830986742694664d0 0.36848731544425045d0
0.8549363888055711d0 -0.9368677522751985d0 -1.1569598884610235d0 -0.9060267907212113d0 -0.3021047996803694d0
-0.25031364788284105d0 2.4805981427956385d0 -1.2321261943215636d0 -1.3927186089839174d0 0.060514638312949204d0
-0.28023716136977334d0 0.12360222081905489d0 -1.517511514727695d0 -0.5244370389367168d0 -0.7922714178401374d0
-0.4695186353125698d0 0.7118920907531003d0 -1.3645155668913194d0 -0.18110088643094946d0 0.5063362860881904d0
-0.24138825175930928d0 0.3464070281621465d0 -0.6778747761404316d0 -0.7772778818549233d0 -0.44957954504416886d0
-2.557479509736869d0 0.338915674987636d0 -1.141292582127834d0 -1.0147575272897147d0 -0.1917560021390425d0
0.6759753808847705d0 0.19242797958973212d0 -0.6679207250640917d0 -0.5740703325265907d0 -0.2397977650072569d0
-0.5014411126583008d0 -1.1517630202814542d0 -0.5711484105028087d0 -0.6152815999856339d0 -0.2275239591201922d0
-0.7662588388191561d0 0.1199926503315962d0 -1.4432724899430334d0 -0.5673104815840574d0 -0.08399801942174982d0
0.05978538409241893d0 -1.173666279802572d0 -0.8320521515648394d0 -0.841426481325284d0 -0.24516529191780292d0
1.2477584819266487d0 1.1163815338505636d0 -1.0175479779690026d0 -0.9400553239955756d0 -0.5617358172310689d0
0.17402955230450243d0 0.1739333644445067d0 -0.7544540586591932d0 -0.9538435657963551d0 -0.03151485794172304d0
2.7167299690975226d0 -0.44155951433628354d0 -0.4697000648368843d0 -1.2717070155136971d0 -0.7106268683543253d0
-1.1824827457491944d0 0.25139782758876883d0 -1.4960932754455791d0 -1.030768766641226d0 0.6335031681132176d0
-0.04069484766079485d0 0.8202143440595808d0 -1.478796227531789d0 -0.69991671635146d0 -0.17904428264259503d0
-0.15733889447850719d0 -0.8846799691811035d0 -0.8347290668559735d0 -0.531065780716325d0 0.04422963474786981d0
-0.749961439799611d0 -2.353025095287338d0 -0.19154449879960556d0 -0.9065880399374385d0 -0.2115501706390939d0
-0.3683179933983491d0 1.3407943600254477d0 -1.886789531311273d0 -1.5108741498322005d0 0.5427676893106417d0
-1.3383102808087246d0 0.2667286455155737d0 -1.6759461209729034d0 -0.8293483271025769d0 -0.06841346151578481d0
-1.0521602175209344d0 -1.4665824864302308d0 -0.7157671885190076d0 -0.29694039472288447d0 -0.06722686938951664d0
-0.8492470406107812d0 -0.02253332574842217d0 -1.2656454661600902d0 -0.7119562416080999d0 -0.515332269026334d0
-1.739469397267329d0 0.620738683392302d0 -1.5902230436964937d0 -0.938319199353287d0 0.2841751188613908d0
0.9915142876743637d0 1.3802121260129734d0 -0.8437494899225644d0 -0.8545095167814017d0 0.036316774587371065d0
1.6927099049559884d0 0.6732496540465819d0 -0.9748181961808456d0 -0.4670001312319204d0 -0.0659228468002299d0
-2.7006799468473144d0 -1.0914509969615234d0 -1.6596534821378408d0 -1.0940469828188575d0 -0.5599810453646381d0
-0.5207463797683625d0 0.2529913397188017d0 -1.2598585629137309d0 -1.2270971158725152d0 -0.1772738621885686d0
0.832578875796019d0 -0.6490148095784025d0 -0.6009312619304243d0 -0.9760452364669571d0 -0.061219044263553735d0
-1.4464211341109785d0 -0.4549061823853015d0 -1.1808522654423865d0 -0.5344409964187544d0 -0.30734450459922297d0
-0.13523623510234256d0 -0.649053356881708d0 -1.1043123230556031d0 -1.1181162115757197d0 -0.3359075633901603d0
-0.8857295577713268d0 -0.6688814283785612d0 -0.8787731422027494d0 -0.5260039274444606d0 0.257363598887804d0
-0.06789936401739424d0 -0.06128599671465337d0 -0.4699732714326046d0 -0.8880905797115253d0 -0.4413922556143359d0
-0.27960525883538495d0 0.34353072727589723d0 -1.1229166618324682d0 -1.0846817889574043d0 -0.3325496252248052d0
2.165729640226288d0 -0.2648088442430096d0 -0.34356899174833844d0 -0.925806898922905d0 -0.2886382510393777d0
-1.4407696269694579d0 1.2133189452858124d0 -1.797915463440308d0 -1.3696651152424288d0 0.07304873682939841d0
-0.9709766547197234d0 0.6245747008364668d0 -1.2374724748597066d0 -1.06323819557202d0 -0.3991481140961233d0
0.9008024028800243d0 1.0157255402201222d0 -1.0192015412505901d0 -0.6961044021058205d0 0.06762105882748522d0
1.2752217083745536d0 -0.9116343377270328d0 -1.126285838742048d0 -1.1834245178517535d0 0.12519354988424314d0
-0.8499882038315635d0 -2.000846662912059d0 -1.154410180509651d0 -0.7232652543249027d0 -0.13451182888186566d0
-1.0538528989056841d0 -1.1168920130653486d0 -1.1499621379956229d0 -0.8818591545164789d0 -0.2691724516091941d0
-0.22236062116812913d0 -0.6343904950278564d0 -0.8465433159574332d0 -0.9180463406048507d0 -0.2819413419191372d0
1.2534343342269496d0 0.3205111866488038d0 -1.2453294262772494d0 -0.762024987306166d0 -0.3733682173546101d0
-0.8350298264711873d0 0.6391922435414681d0 -1.39178459584811d0 -0.5203892860545465d0 0.2856437182154624d0
0.24164627496107627d0 2.0438788724847843d0 -1.305825962204857d0 -0.542533894875142d0 -0.1890752546550695d0
1.417228918805552d0 -0.8713271749419748d0 -0.8854514512363236d0 -0.9703068139940402d0 -0.5238488809020606d0
-2.3466400308838375d0 0.4596313278768157d0 -1.6101692042961375d0 -0.6974706722557074d0 0.5206265902370476d0
-0.4265394132370971d0 0.49746053779437266d0 -1.5171060007447668d0 -0.6399545047137175d0 0.24215505729126965d0
3.1320664337960205d0 0.5234295054383028d0 -0.6266869198654128d0 -1.0632433145847928d0 -0.0542982983308293d0
0.42612930363747403d0 0.7997724379357304d0 -1.3820841264573813d0 -0.5670621985352167d0 -0.2857950334462146d0
-1.58527218942712d0 -1.4960832912192816d0 -1.0752992048448706d0 -1.2207905455172292d0 -0.40504407312539936d0
-2.2326574401467036d0 0.5116392861562513d0 -1.9473368423293158d0 -1.400131978553675d0 0.6191482017768566d0
-0.37061153443734485d0 0.5137533464151735d0 -1.27064677904895d0 -0.4443745478326078d0 -0.2760373470351592d0
-0.5198535810924739d0 -0.8470162441364886d0 -1.245153299838246d0 -0.5724112562372541d0 -0.2915465912108812d0
1.9299316241942621d0 -1.3714007262362957d0 -0.37972833533387423d0 -0.9027518997572705d0 -0.3637326625360331d0
0.12267746743855613d0 -0.22788166615108815d0 -1.614998515349336d0 -1.4619592465432911d0 0.22260983595423597d0
-0.7290838608634934d0 -1.0102080003698175d0 -1.4940201479472546d0 -0.6618641360707833d0 -0.30520493174608854d0
0.18723469585578675d0 0.5284236448817429d0 -1.1395916277147364d0 -1.2133778223347669d0 0.2607042758537026d0
-2.3535255677316287d0 -0.5029923742737212d0 -1.094087089044286d0 -0.8301724585242326d0 -0.5770642285297982d0
0.48808978737759806d0 -0.056603611988528035d0 -1.1561488987852357d0 -0.8668237016413725d0 -0.41523983286924565d0
1.6797944573204582d0 -1.223981080376965d0 -0.08543971735529926d0 -0.2593453775617339d0 -1.1015993897981544d0
0.9548685437912267d0 -0.8007428167266475d0 -0.07135688120661288d0 -0.886536434592486d0 -0.2753877523230239d0
0.3660981737177626d0 0.5258575015977534d0 -1.203337583041574d0 -1.061316597618401d0 -0.906884293215365d0
1.9967965357281083d0 -2.940615878714846d0 0.01972530812891573d0 -0.37751033330058514d0 -0.5363631287523616d0
-2.21930477139647d0 -1.3116293544768232d0 -1.6862305440091574d0 -0.932427282717244d0 0.3353444089262222d0
1.4037132761446065d0 -0.22630413039424532d0 -0.7720165816745272d0 -0.8267343360360817d0 0.0724676656733329d0
-0.4078403654466618d0 1.1591359180140197d0 -1.4087025575588668d0 -1.157514682815763d0 0.30730876533060103d0
-0.598581956714261d0 -0.10980920472180519d0 -1.5800075614244014d0 -0.9585777518068572d0 -0.19670445506398532d0
-2.72965523984327d0 -0.42366124192860116d0 -1.4520649777706824d0 -1.1238683579605373d0 -0.070137216061324d0
-1.4417644897853648d0 0.9172135072765146d0 -1.6116706691507745d0 -0.7359882261006212d0 0.7525662315565836d0
-0.6394151020819632d0 0.9979652818293054d0 -1.3628526022283252d0 -0.6453982347038907d0 -0.3607522934365316d0
-0.6987450864251982d0 0.8263896256893872d0 -1.596293061549662d0 -0.9473996459539834d0 -0.4041790511553085d0
1.0993836620102733d0 1.1994830675614725d0 -1.2392979317176935d0 -0.5724781929104885d0 -0.24217884154456176d0
-1.3221028694107455d0 1.0386464401745126d0 -1.6278566584172443d0 -1.1831245465947473d0 0.19777727078288757d0
-0.7019375653108711d0 -1.0108690874510848d0 -1.01380200350359d0 -0.9267724804113628d0 -0.14043714470592972d0
0.6765766155729737d0 -0.8440189044875781d0 -0.3537940121476899d0 -0.710943702753229d0 -0.6515449851359683d0
-0.8589813462623216d0 0.22938213637634441d0 -1.1960690606202737d0 -0.8762005308969817d0 -0.44533756501357863d0
1.1881343879330266d0 -0.12959152185964787d0 -0.450672044862181d0 -1.2171339372377896d0 -0.7099122756202418d0
-2.2061673777338533d0 -0.8663372440677591d0 -1.467496673000227d0 -1.2276265005738685d0 -0.1588194124016722d0
1.4856046913130982d0 0.31699367013449636d0 -1.1854119238354637d0 -1.4484362025893163d0 -0.10151591583164098d0
-0.7245288718582242d0 -0.6473878120335331d0 -1.0707295763099527d0 -0.07912689389109595d0 -0.07984412300817847d0
-1.131869527905098d0 0.10311811250254975d0 -1.3281198025875502d0 -1.1356601387099068d0 0.27376838226934586d0
-1.2590130365828363d0 0.4676697230190413d0 -1.3354435302158318d0 -0.8105112321656285d0 0.3508329909991875d0
1.229794707423622d0 0.129472120755286d0 -0.8786307344843649d0 -0.8241461704783763d0 0.3333822135805697d0
2.53568164231123d0 0.31585758153154503d0 -0.528745837009257d0 -0.8522382906304616d0 -0.5374494555599455d0
-0.8075298630179731d0 0.42854563828613107d0 -0.8340617468851563d0 -0.4875045517854059d0 -0.2338654102559239d0
-2.099651554307049d0 -1.295383261856273d0 -0.8410721687415301d0 -0.2007021409406421d0 -0.4819182991902089d0
1.0063626585593946d0 2.006279854754719d0 -1.6712252943446742d0 -0.8954313203141626d0 0.09124413733408088d0
1.0664400600259019d0 -0.43081506994751145d0 -0.6677797981951236d0 -0.7452055919166993d0 -0.45744555312682916d0
2.1435248591314577d0 -0.18855504613438412d0 -0.7811202255165692d0 -0.2573612784430861d0 0.17255857087449714d0
-1.2959401797177807d0 -2.316279184696582d0 -0.7965700753380384d0 -0.6212531683868184d0 0.060572231467918736d0
0.771501387927677d0 -0.03732183112353426d0 -1.0812639429062532d0 -1.2261214613747107d0 -0.6729828452084405d0
1.7191068599508608d0 0.48978426886913795d0 -1.5532522446789638d0 -0.34545031825308004d0 0.15416235910783152d0
-2.409159150898248d0 0.8423832909016576d0 -2.163518936314854d0 -1.3667629485916342d0 0.2897496173681966d0
0.22344564067495865d0 0.8023085766689281d0 -1.696366630682443d0 -1.1634311510140352d0 -0.2594352180350906d0
0.8611356534658662d0 0.5110924820334933d0 -1.3058199806139472d0 -0.6891558220090988d0 0.07683593599041513d0
-1.2068124975035748d0 1.2816588064677654d0 -1.591558963904685d0 -1.2577831521513696d0 -0.1916366981963839d0
-0.666944897879063d0 0.42674571553082874d0 -1.4030948695937648d0 -0.6335992416100429d0 0.06962886862163847d0
-2.6060001555706576d0 0.4324421978514485d0 -1.5197600777046116d0 -0.8459934047805258d0 -0.38342067974966637d0
2.403488222501113d0 -1.0449482249617625d0 -0.582010366561798d0 -0.7465288876364482d0 0.1258812873226824d0
2.271860413966666d0 -1.1946352731005765d0 -0.8107164483142657d0 -1.18744975519513d0 0.24049139254984667d0
-1.2405424563616048d0 -0.6825185686743257d0 -1.4533859455165783d0 -1.0142405913633972d0 -0.28263990523677984d0
0.5181458333966381d0 1.8592360760212387d0 -1.4469849059831181d0 -0.5314915982157591d0 -0.8884023111688935d0
1.4484066726484608d0 0.32332456813096005d0 -1.2775295633056352d0 -0.389020610679362d0 -0.22347899803185478d0
1.5681656708966842d0 -1.3874580294807912d0 -0.011556716964378377d0 -0.5733141300652057d0 -0.4751960712973662d0
-0.19222363934218759d0 -0.4059532671567018d0 -0.7694739163235462d0 -0.7095420228579091d0 0.004196303961562564d0
0.5918212549582446d0 -0.7277025467737978d0 -0.5417721512417939d0 -0.7530648525022055d0 -0.10559968340764445d0
-0.7887545119899266d0 -0.18497425015654367d0 -1.0999950552777535d0 -1.1509684000891096d0 0.3316827768800904d0
-1.266951905775057d0 -1.0102159216414586d0 -1.0638703107261134d0 -1.6503717755743967d0 -0.3412679465275287d0
-0.6875309688613034d0 0.30058099088821005d0 -1.1840663370638227d0 -0.8468800582654726d0 0.08356746364466805d0
1.0819073146287135d0 -0.1467714136206538d0 -0.912151221129234d0 -0.964371157542784d0 -0.17984800320480412d0
0.4835401386154248d0 0.15502769441925898d0 -1.2317221283158848d0 -0.3453138248987371d0 -0.1264397624874909d0
-2.3134890896857403d0 0.7527118897146395d0 -1.7802115228330462d0 -0.45313389073379085d0 0.17867337058687693d0
0.7655455189802757d0 -0.619127430755875d0 -0.2798673628348907d0 0.08250918728265977d0 -0.35000846409976244d0
1.115946633017918d0 0.3878530263804037d0 -0.7694494719576657d0 -0.8188242504333169d0 -0.27922789426590977d0
-0.5396707951905045d0 0.17416685760001105d0 -1.229002461794095d0 -0.7623646258999226d0 0.015745510959283893d0
-0.24868318622357957d0 -0.5703375263294036d0 -1.2619497414779706d0 -1.333850930654128d0 -0.41024021909412933d0
-0.6738742965807927d0 -0.6684135877347405d0 -0.9415284932696381d0 -0.869316508497197d0 -0.11087793611247836d0
-0.7953485271138396d0 -0.36985098280026707d0 -0.8460950512442761d0 -1.2515653808683984d0 0.27014156315002624d0
-0.75728066839166d0 1.584388962366151d0 -1.6518030343311796d0 -0.8030617531475401d0 0.38501866360708337d0
0.23701601881181614d0 -1.7040328485771896d0 -0.4260141412380597d0 -0.41355948991856295d0 -0.6277157325966976d0
1.1322829747156316d0 -1.0560094420752184d0 -0.8214117751045213d0 -0.7247777484720161d0 -0.5671662554550734d0
1.6922362945939935d0 0.6304519673692833d0 -0.5028383065230423d0 -0.5673467714723515d0 -0.10487137123943913d0
-0.5667526351755903d0 -0.3565998162024139d0 -0.9118284232594487d0 -0.7043374908438829d0 -0.08308692727203303d0
-0.6951199125943966d0 -1.2271022355237708d0 -0.46165152151444844d0 -1.078368777575563d0 -0.6086532557937081d0
0.7853402264708138d0 0.025183539889608576d0 -0.7513307000843341d0 -0.5778923587156968d0 -0.06559066984183481d0
-1.230212088797283d0 1.076650827254958d0 -1.2078859047399209d0 -0.6076379271900134d0 -0.5990539834965178d0
1.1976498066096015d0 -0.28970278166847785d0 -0.6681544135153658d0 -0.9308381126543628d0 -0.3888325065538756d0
1.3996126715100723d0 -0.8980650745439752d0 0.06187099096692705d0 -0.49306069248954965d0 -0.49925641988066705d0
-0.44640260951674665d0 -0.6557196201694662d0 -0.7613827867423717d0 -0.9189375111635629d0 -0.14611427878141825d0
-1.2001812684059479d0 1.1007943018406299d0 -1.2931551107116974d0 -0.7688016467643539d0 -0.40674666210146554d0
0.29620991825710713d0 0.31857860771302615d0 -1.6115433496460465d0 -0.7715082459584395d0 0.7920357737708061d0
-0.866644831906537d0 -0.04162040365242836d0 -1.553303811695287d0 -0.5809008038266041d0 -0.5306752289146052d0
-0.2181752987790253d0 -0.7793709598572963d0 -0.30575498781421584d0 -0.8790200039104789d0 -0.5432079159962302d0
-1.7896967325610524d0 -0.07503105385743905d0 -1.3382772617005119d0 -0.9671697445560116d0 0.1464658813302903d0
1.296095557983424d0 -0.8592654466382014d0 -0.5379716205466627d0 -0.10192280830023126d0 -0.5700942896131591d0
2.1254039301235848d0 -0.49828411448062615d0 -0.578303293255215d0 -1.0077800792880018d0 0.2203549534650837d0
0.3405565646564569d0 0.03481991974800871d0 -1.255205897666515d0 -1.4319700506211923d0 -0.20200002633759664d0
-1.3382442935538665d0 -0.4306378664426491d0 -0.2252153795591314d0 -1.0573682048744342d0 -0.6963053769288378d0
0.6496819979559928d0 0.07708096908925303d0 -0.23999219600782595d0 -0.2486218507220485d0 -1.1802876185910682d0
-1.2218030474694366d0 -1.2447905330907116d0 -0.5729801370397797d0 -1.0323458044624398d0 -0.2988708543876299d0
0.5820734999380233d0 -0.780925968965539d0 -0.6568570026178867d0 -1.8008636976592345d0 -0.020003125240729253d0
-0.7818880488070776d0 -1.6376500790785256d0 -1.1202292803737315d0 -0.3557361369012762d0 0.1902060526458899d0
1.069737435653295d0 -0.46819156902130216d0 0.08625312170597643d0 -0.3127656786721376d0 -1.3957920950511828d0
1.0431601111407984d0 -0.4986659615484834d0 -1.0645952943264618d0 -0.9413885096502062d0 -0.05131240349086438d0
-1.2676421023012905d0 -0.07962839096136941d0 -1.050130067060538d0 -0.5102096245240904d0 -0.15286592763674706d0
-0.8671539848411163d0 0.015110542362152778d0 -1.022971849061336d0 -1.142523656682346d0 0.5346730781169647d0
0.3835888141516653d0 0.06592477359092025d0 -1.1355492468224158d0 -1.4803482034010835d0 -0.07310095936624209d0
0.4231043082032229d0 -1.031478629386591d0 -0.5610531078866007d0 -0.6270992309717622d0 -0.25799271591288525d0
-0.8880729795637305d0 -1.332441350494002d0 -0.15212513030171604d0 -0.4894150059340944d0 -0.47126976886025057d0
-0.5282553085360784d0 -0.45208673946256184d0 -0.9236175161801589d0 -0.7848055386195817d0 -0.21876263525749484d0
0.17027678882847436d0 -0.37036917924909946d0 -0.9150009540252756d0 -1.068714338824641d0 -0.129500672908206d0
-1.7553116320253854d0 0.3584981203131992d0 -1.2079646964109532d0 -1.2887541403246727d0 -0.07699562427874457d0
0.9287975856931269d0 1.595889757683412d0 -1.6169764724874383d0 -1.0564527029436863d0 0.1372354350749302d0
-0.5073090749840529d0 -0.5750959292107524d0 -0.728310066410964d0 -1.4297407865135354d0 -0.0202947345998796d0
1.3363961017267283d0 -0.6936944948224667d0 -0.8381165567073947d0 -0.8692090617171347d0 -0.1383839338130983d0
1.375244282337677d0 0.005732575219759884d0 -0.7359367135725595d0 -1.1809128580938022d0 -0.1446837361142595d0
-1.0962312698860799d0 -0.7252569727723542d0 -0.9566775568736425d0 -1.1513752999419111d0 0.014699786272012488d0
-0.2094050405793234d0 0.37739145797747925d0 -1.4962459704162627d0 -1.0692696451109622d0 -0.33285896531952475d0
-1.357642372542577d0 -1.2098703324977083d0 -1.0860835407438838d0 -0.8849628955894631d0 -0.41784537591296084d0
-0.8142080163740514d0 -0.6915932112355404d0 -0.5816275482270805d0 -0.936707212561976d0 0.034139995685274815d0
-0.5842320853377502d0 0.4476007936876117d0 -1.5351484996349969d0 -1.0620250298233214d0 -0.1650202492652758d0
2.661892488065557d0 -0.4917528193930551d0 -0.21419974265485547d0 -0.26751011060804203d0 -0.4320051357947808d0
-1.548852433610793d0 2.501244220243765d0 -1.8105900619022375d0 -0.456929807505137d0 0.4384987084423264d0
0.6748907003488546d0 0.47035294150077445d0 -1.1515675886454546d0 -1.0168772501539793d0 -0.5497104642852699d0
0.5423794003427007d0 -0.061653284291902574d0 -0.7921685650975887d0 -1.111938129048872d0 -0.12200563518155089d0
-1.067145144878723d0 -0.5894766499577451d0 -0.6598467156975725d0 -0.8345585220105833d0 0.319652918897384d0
1.3530940533026132d0 0.061224144872540034d0 -0.4896350968117082d0 -1.2963442311237254d0 0.348089748764748d0
1.0324249371949288d0 -0.6525820959876669d0 -1.0370212409121473d0 -1.2290318388735249d0 -0.3894825362254093d0
0.9889878278467245d0 1.4886341444577782d0 -1.1081166548996626d0 -1.1920981309917975d0 0.09697968281687516d0
1.6064847429294318d0 1.9496673513902316d0 -1.0600125140463563d0 -0.6864964599114399d0 0.31575068390764083d0
-1.4409588624040661d0 0.6536779642733959d0 -1.6668374277829803d0 -2.0733199910746904d0 0.24504687590104612d0
1.3634551134849056d0 -0.9240213248467191d0 -0.9167022293414042d0 -0.7361607795438225d0 -0.021221242801227863d0
-0.8746082643084402d0 -0.256107412253353d0 -0.7715536281088269d0 -0.6339752689774588d0 0.5013475173465388d0
2.23967242618367d0 0.9017399408162561d0 -1.17557441631d0 -0.7746238084518147d0 -0.555591193990303d0
-0.706028154698366d0 -1.6727174684039736d0 -0.7031881656435616d0 -0.08275925811316931d0 -0.45686872709004606d0
-0.7069833444484925d0 1.4749343044922452d0 -1.8727900755934783d0 -1.0458433774897389d0 -0.8339752724094868d0
1.0165740966057517d0 -1.6983244325190823d0 -0.41779431385663174d0 -0.5517082198483272d0 -0.44464179967688666d0
2.420781141911162d0 -1.2042461040414827d0 -0.22901363899001237d0 -0.7064998950264925d0 -0.5275453346340017d0
0.16928112469331982d0 -1.3151576206747153d0 -0.09229057642003846d0 -0.9737483751242724d0 -0.9972522751790467d0
1.3949064413623953d0 0.7672735131834252d0 -0.6634209009885474d0 -0.621653391463888d0 0.2599447210772709d0
1.8521101841412608d0 -0.17628850142197905d0 0.032583583207962175d0 -0.8940808536592186d0 -0.03312145042530901d0
-1.9539478969562913d0 0.9886145316808159d0 -2.2702963335216113d0 -1.6568177609865402d0 0.3778100431734659d0
-2.171858489683988d0 0.04916388274114946d0 -1.887858900965629d0 -1.2047972712986335d0 0.31146974753283385d0
-1.5316261578725874d0 -1.564741204329102d0 -1.0655787844905533d0 -1.098978792702256d0 -0.26586523642084126d0
1.652881157355409d0 -0.027718597824541735d0 -0.9672351744925329d0 -1.3509307569167701d0 -0.7916606766901024d0
1.1551030046056086d0 -0.5081153342643536d0 -0.22373949130786375d0 -0.9659676172411429d0 -0.5400254446181143d0
-1.0434847277502113d0 -0.2649370456382813d0 -1.263395389558788d0 -0.848927845070561d0 -0.22738223868081447d0
-0.7175641974181776d0 0.13923210848724546d0 -1.0767485579806366d0 -0.09496025493944549d0 0.14526480368456313d0
-0.9090507367533325d0 1.8489004104532043d0 -1.5011396368761694d0 -0.932287297976866d0 -0.1748829593281292d0
0.6172993613032485d0 -0.04762782218178265d0 -0.9118404542698685d0 -0.7646324307294659d0 -0.3916871774236248d0
0.7668052135535272d0 1.8920924744716072d0 -0.7914272894734694d0 -1.1303172943684043d0 0.5173809455938285d0
1.3714258182475976d0 0.4933230633422079d0 -0.8800849222955509d0 -0.8983803946892062d0 -0.3620574238516497d0
1.6258515569947845d0 0.6931036056405533d0 -0.7066067174519461d0 -0.451140027943613d0 0.05374071355819205d0
-1.4751535494525028d0 -0.04173694550635737d0 -0.6462230728257954d0 -1.1019067143358325d0 0.04266428166356792d0
0.5192205705093622d0 0.20277866334551325d0 -1.4211973647730114d0 -1.0661301328913817d0 0.2591076825781754d0
-2.0116083771167195d0 0.8664467433580303d0 -1.755349203055688d0 -1.0943128720147568d0 0.05441395202155101d0
0.6629661736971617d0 -0.33626775470928755d0 -0.4527949036543716d0 -0.859647942674754d0 0.031192499792668138d0
-1.545695674705702d0 -0.37012234054891047d0 -0.720763069364722d0 -1.6682440233714657d0 -0.3910839720507686d0
-0.5585773638064637d0 1.2969452816413893d0 -1.2191561084660831d0 -0.8522141317220727d0 0.3256357360678167d0
-0.5407154323411287d0 0.6611729333915578d0 -1.3111934312782245d0 -0.7743873461860287d0 -0.07047432761600239d0
-1.42166442604546d0 0.5737488613299746d0 -1.7149915989899054d0 -1.5410391209273608d0 -0.1085421075598d0
-0.7212329439130112d0 1.1776903120123194d0 -1.5602389475722112d0 -0.8669786707752242d0 -0.2973388980737377d0
0.1585298867393757d0 0.1251150166741308d0 -0.8560560723718114d0 -0.8819893418321183d0 -0.17403377852133128d0
-1.0327245500904594d0 0.8814563006560469d0 -1.197799838218109d0 -0.6771558839927774d0 -0.38986767485184726d0
-0.6703664689055719d0 -0.8980921318450692d0 -0.8733042669425157d0 -0.29699265229296334d0 -0.05790045208473138d0
0.7406964345726471d0 -2.2225659961099677d0 -0.1553811528786465d0 -0.9541115513703673d0 -0.41321996249326515d0
-2.1399718957908074d0 -0.9111367354550468d0 -1.4425376920862956d0 -0.4242001825723247d0 -0.5230666436852391d0
-1.1490675150909802d0 0.28707962650270014d0 -1.6132156655118153d0 -1.0204862455828385d0 -0.10755232395978248d0
0.463115160429506d0 0.09466390160614634d0 -1.202890570883962d0 -0.6787269177604576d0 -0.10863774199404405d0
0.28177503858616965d0 -0.057192669182752655d0 -0.6606955135567769d0 -0.009762333218655161d0 0.6294341433558879d0
0.7479603540646435d0 -1.3130868013799197d0 -0.7786965961332013d0 -1.23234934536366d0 0.20716447212209638d0
-1.1698938326457635d0 -0.5399754677888178d0 -1.7144328014546941d0 -1.4612855183571924d0 -0.09683709102433533d0
-0.0344414561139003d0 1.168483310436413d0 -1.4340396838202354d0 -0.8394958297265542d0 -0.522485434911059d0
-0.29506597803772205d0 0.3540189677011046d0 -1.2034066052529055d0 -0.7746022806732825d0 -0.3156925339496398d0
-1.6204074758633669d0 -2.2783717580848073d0 -1.1743352662747075d0 -0.6517725300452768d0 0.008575594409173215d0
-1.1663072846378233d0 0.5384134295815028d0 -1.6959582005599925d0 -0.4744182813494431d0 0.04562837651154404d0
-0.9350047792770106d0 1.4434572159023695d0 -1.6885137346495196d0 -0.8673565464769019d0 0.5050560913400834d0
0.9471089395853864d0 0.31354891300778676d0 -0.7840714761702442d0 -0.7486857441895167d0 -0.5009800940792797d0
0.8885111876656964d0 -1.2962114335846961d0 -0.3888309806678147d0 -0.9091416471688558d0 -0.39316102879393156d0
-0.19343355124888031d0 -0.39964242258551064d0 -0.40967115553662714d0 -0.9216071870894507d0 0.11535449362503297d0
-0.8174998290344896d0 -0.7579464681387763d0 -0.777679243385621d0 -0.9829041110622788d0 -0.30273756158673115d0
-1.0154493425381066d0 0.10816728477494539d0 -1.4672220499717765d0 -1.1100513669275072d0 0.41125326975685494d0
0.3919035012481629d0 0.6565684740602812d0 -1.0255175421595537d0 -0.4002083314566558d0 0.024192478240885898d0
0.9582717135391493d0 -0.17375741315503435d0 -1.2802582351628726d0 -1.027158373022829d0 -0.5363308291050954d0
0.5974348065258985d0 0.022392444809999662d0 -1.3934053443086822d0 -0.34663969855133925d0 -0.5482296525470051d0
-0.5123189893292904d0 0.8713141118808774d0 -1.643051741112559d0 -1.2961037878371509d0 0.04346454020164986d0
-0.2079636891594043d0 0.5955426146995444d0 -0.9521604561050852d0 -1.0169679651349566d0 -0.41533458903122666d0
0.7690283973482663d0 0.42375882947330584d0 -0.9026026122893684d0 -0.6847330162846277d0 0.1957852548457078d0
2.5169610575407892d0 0.5738007145238841d0 -1.0125422538216866d0 -0.8699141596842277d0 -0.31183699587244973d0
-0.5784936158378964d0 0.3536828385168297d0 -0.7661163913232261d0 -0.7612169458696575d0 -0.24161436506250655d0
-0.12473817315504529d0 0.10872863854957086d0 -1.453456304142702d0 -1.0151906066844332d0 0.06980576361145657d0
0.14906427560408442d0 1.2176083224304635d0 -1.6369513529012953d0 -0.8359341956865064d0 0.05060104825522632d0
1.2791626040386825d0 1.2494638303502723d0 -1.425007010670134d0 -1.3185132418172756d0 0.06835170060567841d0
-2.987401345506846d0 -0.6611705473658447d0 -1.947662672198057d0 -1.280337498611733d0 -0.0363615748172999d0
1.18698097992507d0 -1.740773798827539d0 -0.1650669940373247d0 -0.41329317204089805d0 -1.0514171001652728d0
1.0223383565619668d0 -0.13524925504513396d0 -0.9393748400478822d0 -0.7847571351817023d0 -0.13229270878601065d0
-1.4342006153205107d0 -1.7121997380046838d0 -1.0785954577590997d0 -1.173374861988706d0 0.28738947150221983d0
-0.10185983510806168d0 0.3382964568948874d0 -1.2437300168386851d0 -1.1268785621200494d0 -0.053095376743675066d0
0.5994350326172905d0 0.8499331777015484d0 -1.1510486900596295d0 -1.066531492409876d0 0.32195631425805804d0
-0.30529402787554444d0 -2.297668876720113d0 -0.7248887490752107d0 -1.1370257791891651d0 0.026613400241011095d0
0.24523994258581958d0 0.3514317897115823d0 -1.5557927747763431d0 -1.2292673655451987d0 0.2514410687345703d0
1.3688858540635631d0 -0.5595134574603137d0 -0.2931714048327734d0 -0.9551549741751068d0 -0.3912522802292123d0
-0.5316387863323155d0 -1.396723007944727d0 -1.0244787458774909d0 -0.4391370874678125d0 -0.5835766997903312d0
1.104209791840695d0 2.375044518762771d0 -0.9208590098235286d0 -0.9308034116218636d0 -0.5966127102211561d0
0.9496491567211555d0 -1.1731304064452872d0 -0.5909940609040332d0 -0.3385957595024358d0 -0.17377045417056908d0
-0.2604834368548726d0 0.7019638588668332d0 -1.6897107086589458d0 -0.6599004956485337d0 0.7680447022033143d0
1.3412072354165399d0 1.2445246096071947d0 -0.8439821632293691d0 -1.2040101039705853d0 0.745196374505372d0
-0.21255106397460155d0 -1.0801288110549634d0 -0.9147178816535304d0 -0.7883784346517569d0 0.39350513037873086d0
-1.6035509761544995d0 1.643237324659531d0 -1.4800136691262293d0 -1.320033805923863d0 0.1463089873916876d0
-2.0920419952016007d0 -0.9886325397026764d0 -0.9349003720219858d0 -0.9071329190501938d0 -0.24525620412206084d0
0.9927086824470679d0 0.002550886469756065d0 -0.9189252831757329d0 -0.8382938675677917d0 0.04215940278136256d0
-0.7272095078726354d0 1.330188421210279d0 -1.6713465821285354d0 -0.31714716848309077d0 -0.07292526624550089d0
-1.1489835624523188d0 2.41047718018711d0 -0.9689116361788845d0 -1.0336978371943029d0 -0.3268638138428017d0
-0.05683486798526693d0 0.4073614596074466d0 -1.135227407194218d0 -0.9865170493772224d0 -0.05638021442794418d0
-0.5793090130280711d0 -0.7544772723554392d0 -0.8941868313284416d0 -1.0118961663727721d0 -0.46124250957634905d0
-2.7885398847513216d0 -1.3548114569749796d0 -1.3462010217218165d0 -0.9689481608582671d0 -0.07191677010978084d0
-1.3130331224295488d0 -2.2578279014240246d0 -1.4684848122484437d0 -0.6094862681774971d0 -0.25289682601556907d0
-1.7022456150111622d0 -0.2598386209686582d0 -1.5927920963248483d0 -0.8538840232741816d0 -0.2252361014686663d0
-0.2823698105529807d0 -1.5217381514630133d0 -0.7926703194978789d0 -0.9262888865097824d0 -0.1853799060847217d0
2.7239769866131804d0 -0.5929857387543298d0 -0.49401348306458637d0 -1.0320616609829392d0 0.0899048851974712d0
1.025933301670309d0 1.3885089935111887d0 -1.1830520757549579d0 -0.7219954152492492d0 -0.17192709796125566d0
1.5766208792020049d0 2.4466179490842332d0 -1.2035198165366816d0 -0.6376705341700483d0 -0.10370479449229217d0
-0.7768938377270732d0 0.9971635936515867d0 -2.068987806764049d0 -0.9063087729697892d0 0.14050124795848448d0
-1.3134459201761044d0 -1.1705872988775436d0 -0.9237093132906846d0 -0.5230102394982481d0 0.20907646984795927d0
1.9939758072463005d0 2.182764873060982d0 -0.8951174603499876d0 -1.0106662586034016d0 0.20659164163504076d0
-2.8341103304332633d0 0.4156814204802317d0 -1.778396343820576d0 -0.8244773317458942d0 0.28370514403078273d0
-1.0384915831288597d0 -0.7318871214687039d0 -1.3535232947651372d0 -0.890065179646007d0 -0.27614115730361516d0
1.392917370542656d0 -0.5722350119704656d0 0.061825962697068304d0 -1.0700855633056119d0 -0.9850887415196559d0
-0.3089112549170182d0 0.06498487003444119d0 -0.44283413578116837d0 -0.8852910040388917d0 0.052004826546497296d0
0.7280492367337074d0 2.761272397698694d0 -1.3726742273341435d0 -0.13926700170100081d0 -0.4939023621985441d0
0.7356758858564818d0 1.0196020372604842d0 -0.7885453028018748d0 -0.9788492294287104d0 0.5494014971890783d0
-0.25310365907820875d0 0.3221682134775234d0 -1.389723412944647d0 -0.9492091569097071d0 -0.12731144634809524d0
2.805417630719161d0 2.670853601617069d0 -0.7794285030992284d0 -1.206038138151098d0 -0.08547016954998828d0
-0.6831338185547832d0 -1.3810501628504894d0 -0.9295002567578929d0 -0.8088521076728331d0 0.05336353203693123d0
-1.6121871759902586d0 0.9862606738107338d0 -1.6260070983762673d0 -1.3464237227332245d0 -0.02062590899902156d0
0.6467767683406416d0 1.51871543365882d0 -0.44786828525500655d0 -0.5651464493531542d0 -0.4948539517128172d0
-1.5741207314124117d0 -1.3383767210975845d0 -1.6394622110161574d0 -0.805821540579452d0 -0.2718699483645566d0
0.27068964113044375d0 1.899431660927736d0 -1.748345935879024d0 -0.9435821627947959d0 0.030636072502741044d0
-0.6971069478984246d0 0.7097408023949943d0 -0.9927197709575497d0 -1.046420591139196d0 0.3480767530037599d0
2.322240822695828d0 -0.4124414561551186d0 -0.7572009488410888d0 -1.2850012659488255d0 0.12159132624114329d0
-0.48126737850376305d0 0.8757001661031578d0 -1.204231410571899d0 -1.3365187416630124d0 0.31263223198761314d0
0.19903718362436645d0 0.4163800381569245d0 -1.164308033341845d0 -0.3658630462175053d0 -0.031182866363243064d0
-0.006568799387213092d0 0.2859441319022486d0 -1.4241667067718815d0 -1.24855619145289d0 -0.4013197905448736d0
-1.2646290271957605d0 1.0231668242333642d0 -1.1133972304101778d0 -0.7318601636471845d0 -0.3069733000214925d0
1.4998162605296175d0 0.33680230159035857d0 -0.6985041606888287d0 -0.7646911427363667d0 0.7528798910407793d0
-0.04419573162785539d0 0.7638294463651606d0 -0.9702949407603467d0 -0.9817488858462525d0 0.15550293956608688d0
-1.3726508597730278d0 -2.186987656547844d0 -0.5108100537444695d0 -1.3554326278088404d0 -0.017483584858733886d0
1.3591133887716873d0 1.1113037589952381d0 -1.2109360719813522d0 -0.49954563492872733d0 0.29427911625553915d0
-1.926449265777304d0 -0.8351561728804722d0 -1.397258355039836d0 -0.7198627109324578d0 -0.3937486264169064d0
-0.6577920941513667d0 -0.41873424168092616d0 -0.7890233826711955d0 -0.8430748580005235d0 -0.3301986940082655d0
-0.8144198008393766d0 1.1427901283739046d0 -2.04018269028702d0 -0.6464553814794268d0 0.061225163457699294d0
-0.6919752425962286d0 -1.2868802041737502d0 -0.5454819603895809d0 -0.7144892645449292d0 -0.38752483490674233d0
-0.6554624637297369d0 -0.4647995502386165d0 -0.9063948110803662d0 -1.0657493240502567d0 -0.11686747577910406d0
-0.09292193699307238d0 0.04913962192831274d0 -1.2002526125774913d0 -0.7889618267571583d0 -0.7343261102546041d0
-1.0357040891232079d0 -1.603208708995959d0 -1.0969225964665954d0 -0.45021929299105745d0 -0.2871263432920339d0
0.9174558392434555d0 0.2698167971720154d0 -0.4116378847633664d0 -0.8711595166433546d0 -0.6943797398024545d0
3.6489169548236657d0 0.012763476183535731d0 -0.8142724164857535d0 -0.8907415240324061d0 -0.21466755601330662d0
-1.833784208866637d0 -0.0874186533379258d0 -1.9201827775638363d0 -1.2287422420155647d0 -0.20673055692668799d0
0.5568882025255719d0 -0.4515926981640006d0 -0.7776300044158999d0 -0.5337038643609504d0 -0.7048445360859458d0
0.185450892707856d0 -0.16421651494464504d0 -1.2046905425882908d0 -1.6379322041959137d0 -0.5170704968777933d0
-2.5145045776834882d0 -0.022522016538164616d0 -1.3939033330719157d0 -0.7685179568839112d0 0.006301973298932589d0
-0.4218710047244554d0 0.566876028568347d0 -1.2430038538173553d0 -0.5742647205777517d0 -0.2956140187786699d0
-1.6991678290154166d0 -0.9355348183270483d0 -1.257230136216267d0 -0.841896291255928d0 -0.028417544324114113d0
-0.38111810734929796d0 -1.0273957518238301d0 -0.6179455714647111d0 -1.028631432891599d0 -0.3727635993257128d0
-0.04593067694772827d0 -1.2726119272334495d0 -0.6629890359375717d0 -1.5291443464740395d0 -0.21699705362414243d0
1.234816520329602d0 0.5151601809390384d0 -1.3569459055621818d0 -0.9183750489956406d0 -0.5110860455888253d0
-1.6539553243275087d0 -0.34639065523812923d0 -1.0411712756279654d0 -0.9272484856764187d0 -0.3595273601513508d0
-1.0094895640484765d0 -0.9357590454717489d0 -0.7433666547630446d0 -0.5856974329595968d0 -0.6082720073598705d0
0.8581475893985758d0 0.5266440718990721d0 -0.7314548664516163d0 -1.4476334369372454d0 -0.38294916206316526d0
1.4405117219862296d0 1.3952943924030052d0 -1.1507828552810793d0 -0.798168020044813d0 -0.34292898667417765d0
-0.9014789253662562d0 0.0984065602188128d0 -1.8479402229996382d0 -1.235714363160064d0 -0.052010231440731d0
-0.07508014027393145d0 -1.2601606793633695d0 -1.103925469293439d0 -1.020940893786028d0 -0.07300152217280981d0
-0.3714245354280654d0 -0.14162397978714586d0 -0.7198425136756326d0 -0.6712599256551028d0 -0.0062008390844505434d0
0.032690624852620774d0 0.6967869025759528d0 -1.1224814567091754d0 -0.7021647153967163d0 -0.15174303589740804d0
-0.17888312918321442d0 -0.5837211552181406d0 -1.284427867038485d0 -0.7019992072617058d0 0.4017173833001686d0
-0.5623588315806404d0 -0.3323293307100019d0 -1.8948724817898488d0 -1.7392647793379319d0 0.2584355789735479d0
1.3583431621695707d0 2.325209451857889d0 -1.0960683147344825d0 -0.6488495699054502d0 0.052232115037152665d0
1.7760768994818976d0 0.1565503835787838d0 -1.013781518499131d0 -0.6949178382812901d0 -0.3026675157474349d0
1.5520681679804416d0 -3.2718666374755108d0 0.2869200356144772d0 -0.00816304488091013d0 -0.5644502537137781d0
-0.2911008688092114d0 -1.3226264010529087d0 -0.575973537789461d0 -0.9499893819208417d0 -0.8701263510994844d0
-1.325005441063993d0 -1.449177322345634d0 -1.0998742571722318d0 -0.6372473461161821d0 -0.20622721490984489d0
-0.6590546207674391d0 0.7021004329295243d0 -1.48175061469502d0 -0.38770419055804284d0 0.5819734172172377d0
0.01649698721890811d0 -1.0118738080126783d0 -0.7669536449212179d0 -0.6382732434835174d0 0.014527569249705205d0
0.7589880775173943d0 0.7049123775389443d0 -1.2390861338327726d0 -1.116651244609155d0 -0.45875419022277564d0
-2.2638658841610195d0 0.7453469919019634d0 -1.390716441584991d0 -1.1335031697137552d0 0.029756656575970986d0
1.8810263886497356d0 -0.5346797605360157d0 -0.4263228944180318d0 -0.4986205803954912d0 0.03531504357084159d0
-0.006728768924777807d0 -0.341875633526106d0 -0.985665792355986d0 -0.7920164596144794d0 -0.2021507307620502d0
1.4971063666038495d0 -1.0609102448436905d0 -0.4493669642138815d0 -0.7540114573311709d0 -0.1367480559522513d0
-0.5107439553868026d0 -0.2518287680490223d0 -0.5309015693561827d0 -0.9027426528926445d0 0.22540733205362995d0
-0.632019043320841d0 -0.09574388654739689d0 -0.8631058834620156d0 -0.5706812748747003d0 -0.23803735829475747d0
1.74275139335464d0 1.5675353308754072d0 -1.0265111043439399d0 -1.0822146741895593d0 -0.2940109589642456d0
0.8390880197130733d0 0.6931829325944686d0 -1.2409239794340976d0 -1.1615527203907927d0 0.16601731211867826d0
1.688352707859693d0 -0.5389461908388776d0 -0.7334692109781545d0 -1.2676625314017884d0 0.15230712044684497d0
-0.47622290694678393d0 0.4923309930781064d0 -1.3687359834380577d0 -0.8537799473265941d0 -7.8532112775756d-4
0.33527562674974937d0 -0.22326053893738773d0 -0.6564522407962068d0 -0.9003890668117452d0 -0.2526729397808585d0
1.025914083043622d0 2.2491493289418587d0 -0.921058770575585d0 -0.7466063652608621d0 -0.2829883352327945d0
0.9856637383620658d0 -0.19430511054130029d0 -0.5850348477377434d0 -0.4246660269929714d0 -0.4425914613732911d0
0.3809752096496959d0 -0.22362707318181124d0 -0.6486177497487635d0 -1.1333335726405616d0 0.20092724328754827d0
0.5510445273323437d0 0.32833494191593554d0 -0.6626871070349339d0 -0.7225351417630441d0 0.5608081100993909d0
-1.7776124423535535d0 -0.6260208594627656d0 -1.4069108756775024d0 -1.3149921172797492d0 0.10435496833111096d0
1.0145202264484452d0 -2.1043353661286783d0 0.2853105420566312d0 -0.6984471673167112d0 -0.9066850391083052d0
1.7894553242792022d0 1.1015978617996631d0 -0.968606619751932d0 -0.7648327609174708d0 0.06463588082787526d0
-0.6321747541216749d0 -0.08477278648192375d0 -1.165947497544225d0 -0.720446168333442d0 0.4061034045434027d0
-0.6437138488551143d0 1.4761289569485398d0 -1.6845718984653468d0 -0.953836945275565d0 0.07153380946905216d0
-0.4717295845845054d0 1.8099070636086547d0 -1.2312104483446258d0 -1.0075504082612194d0 -0.5627462931534383d0
-1.3320422569189887d0 -0.5622168924855225d0 -0.6313534662276463d0 -0.5431136207085797d0 0.08145785963315438d0
-0.9283181844573342d0 -1.045667975581199d0 -0.882544038434886d0 -0.9468884027811947d0 -0.7096465604385449d0
-0.13403096260151437d0 1.122991456080421d0 -1.0126394815836246d0 -0.8601727571497451d0 -0.02913928002156497d0
-1.0049751553325301d0 0.6036039506823756d0 -1.260262059596851d0 -0.8271443918865697d0 -0.6229131070278708d0
-2.552163100136182d0 -0.3164076185789182d0 -1.5080608543972478d0 -1.2168598520524943d0 -0.39661521571147723d0
-2.2269773369606556d0 -0.7648011681116232d0 -0.9378307128177712d0 -0.2649770718177268d0 0.5557874470304041d0
0.3902899201343513d0 0.5229761958534968d0 -1.1000570788806296d0 -0.24768097912269516d0 -0.18075868081171878d0
0.03372731465394319d0 -0.5580272923816192d0 -0.6491116843763223d0 -0.9563073335250075d0 -0.11263311438961383d0
0.7734411184620474d0 -0.3053009257796447d0 -1.3376674360055887d0 -0.5395235384705652d0 -0.020533664949777847d0
-0.10224282404436531d0 -0.571671042612097d0 -1.0633562588355938d0 -1.097154849913756d0 -0.9782183618615587d0
2.92121222926295d0 0.24831974583580427d0 -0.16655656699612942d0 -1.1255399427743824d0 -0.38316417286942805d0
0.29442383055424964d0 0.9755043348641625d0 -0.9719211926724081d0 -1.0601296782577618d0 -0.10834285240621266d0
0.6276932569716137d0 0.06110111014177625d0 -0.6771677065776431d0 -0.6608301327125248d0 0.08678892312447721d0
0.8316377664225834d0 -0.6162097587064262d0 -0.688029585298073d0 -1.1486130045387946d0 -0.15295787372246145d0
0.6019171760526271d0 -0.15590871850793037d0 -0.9832410629696373d0 -0.6321742917973102d0 -0.17540640204082958d0
0.806380452773566d0 -0.40314738864461813d0 -0.17924801605222362d0 -0.7655695894001271d0 -0.546246141260483d0
0.9915331168776852d0 2.0175593659234816d0 -1.4554606072212635d0 -0.823601737729702d0 0.5021151613733734d0
-0.6885376961857741d0 0.23937320987465532d0 -1.5975104933237918d0 -0.854399696525364d0 0.5391373714203572d0
-0.012715746449781526d0 0.8023618428726977d0 -1.011434578114736d0 -0.9334538604409275d0 0.05595335563969041d0
-1.7174406741715853d0 -1.1732888307806082d0 -0.9891307295366493d0 -0.270414908368498d0 -0.47590447631880584d0
-2.721949433633499d0 0.22452004791283164d0 -1.8147205928162278d0 -1.4406697607941874d0 0.3996525639242531d0
0.08974452581243278d0 1.0534285904315892d0 -1.4162320307797962d0 -1.156858836845849d0 -0.6248912458503955d0
2.0421614969396695d0 -0.812521809697928d0 -1.0573283851954463d0 -1.432414806876562d0 -0.19360478939260586d0
-0.6209433371922409d0 0.4397230289505906d0 -1.2001817517088833d0 -1.2863439395071934d0 0.2881928749543956d0
-0.9699500138340934d0 -0.673655259556735d0 -0.6924372548186608d0 -0.7854766335600137d0 -0.2688272684423597d0
0.6870515358166509d0 0.08502223211280917d0 -0.6675669982812587d0 -1.1287736368025716d0 0.036886011008042244d0
0.051937008270617535d0 -1.8285901196122858d0 -0.3659465897315549d0 -0.6411931141643622d0 -0.9257920606969781d0
-0.5049862985264852d0 -1.000105652844365d0 -0.7268845550950902d0 -0.4346465926396119d0 -0.41172865786693646d0
-1.3573268808280397d0 -0.5787707954072513d0 -0.9349666160205102d0 -0.9420782802051793d0 -0.06112466636607246d0
0.21540087027906174d0 0.23872578346951373d0 -1.9579153763963832d0 -0.5946692043326356d0 3.5956108237331086d-4
0.381296945648533d0 1.3192992844970353d0 -1.571147918520107d0 -1.4072614350774764d0 0.2691664149203336d0
0.6751963171864326d0 0.40362823636022443d0 -0.780048678689102d0 -0.6899106355101507d0 -0.4435442793527968d0
-1.82860524428234d0 0.4978306053066976d0 -1.3861244902383594d0 -0.5664644841281712d0 -0.25216124388454975d0
0.47203387610871095d0 -0.8108392839157396d0 -0.4545176607831499d0 -0.6288075340992737d0 -0.06751760818881686d0
-0.05185288464156899d0 -1.0242903821397598d0 -0.701748438621955d0 -1.0258032414783456d0 0.06483875560983676d0
-1.7422860407166734d0 1.1075337374482974d0 -1.4786934131965388d0 -0.6768835010239687d0 0.3018721342947453d0
0.1248122520180872d0 0.6121850672465088d0 -1.2325318059438508d0 -1.5519830974974633d0 0.038724993009306874d0
0.660983098619494d0 0.317612349309002d0 -0.6506994111402364d0 -0.95989871412998d0 0.1551148744866124d0
-0.3645238108827258d0 -2.71928182614823d0 -0.8385096636440773d0 -1.162020910070888d0 -0.25243931508637085d0
1.1545082721910758d0 0.7728432762258581d0 -1.1001147285566841d0 -0.849057161048337d0 -0.4349843300753032d0
-2.1956157529515976d0 -1.2497433577168278d0 -1.4294124626309404d0 -0.5371031395843596d0 0.13672033556507607d0
-0.35212011825647255d0 0.6309516034668643d0 -1.5194631865920918d0 -0.7171939954169455d0 0.3506070627598795d0
-0.837334519487911d0 -1.2301122898421144d0 -0.6979043807657063d0 -1.3278168473988208d0 0.025171223691079492d0
0.8768548898748404d0 0.10454607123789993d0 -0.9313409305909321d0 -0.29821979508424246d0 0.13154365973707857d0
-1.1406537361822195d0 0.14363482264285735d0 -1.073626318582857d0 -1.1092377790557462d0 -0.3588715200356243d0
-1.4944124106460206d0 1.8480837595100055d0 -2.0456878078117997d0 -1.0497780792468283d0 0.20521372628105994d0
0.14876597906894673d0 0.13142284547486394d0 -0.9665697664059506d0 -0.9963422087276379d0 9.639464176876555d-4
-0.6595266916433989d0 -1.0573218762441057d0 -0.8388578090726674d0 -1.318434268005068d0 -0.10876636032753845d0
0.33389174702382907d0 0.5751045432709504d0 -1.1368694193927742d0 -0.9800631503104109d0 -0.25713303226645357d0
-0.9768676248627196d0 -1.1206571047144402d0 -1.2878208276830958d0 -1.186260984716251d0 -0.2629336674012969d0
-0.7381555554830846d0 1.4277572563805914d0 -1.290775375647328d0 -1.1202838709330747d0 -0.5217366491322111d0
0.31355062982006493d0 0.6843667799063141d0 -1.0799574709376367d0 -0.6187545451155989d0 -0.14022501991941586d0
-0.22300963048372477d0 1.5817929791959893d0 -1.5201548833976377d0 -0.993611782510527d0 0.01568414395550071d0
1.2128383448319542d0 -0.42028420213536183d0 -0.3811004858173784d0 -0.7283955826119053d0 -0.42295169530921406d0
1.7478283833298214d0 -1.5289190289455585d0 -0.5388875183541482d0 -0.9919864516800659d0 -0.6241442341187267d0
-1.0592918330813272d0 -0.08060596717003542d0 -1.4048301846875901d0 -0.7091721356156536d0 0.34028373173530324d0
-1.4166290782650681d0 0.8083441701602254d0 -1.323596544991971d0 -1.1415396598990017d0 -0.39206238143444916d0
0.40108183609972814d0 -1.384000016871181d0 -0.5095185794100607d0 -0.6416809936716861d0 -0.2099343191049412d0
-1.4104493383034071d0 -0.16752361434054086d0 -1.067762643442374d0 -0.593193021104506d0 -0.23002363615489813d0
2.616896838810341d0 -0.31406090446401036d0 -0.5702323728607406d0 -0.6333610261875344d0 -0.11888485491488548d0
0.2529924669742259d0 -0.5254101941072601d0 -0.4111610012383315d0 -0.6775943548462467d0 -0.711797389765009d0
0.3177673212105043d0 -0.22941941431025964d0 -0.7989131482701604d0 -1.1230738505130726d0 -0.18805147129136457d0
-1.2493728780824167d0 0.7209509243456917d0 -2.0138736661858063d0 -0.8669380457570481d0 0.21233223304958834d0
0.19852931089974626d0 0.3718051513462283d0 -1.1387954432850553d0 -0.8687529129164699d0 -0.1774628953101348d0
-0.30411026420777976d0 -0.4496940200879448d0 -1.0042466519238886d0 -1.0914058156252902d0 -0.2659945819534781d0
-1.5446084613904287d0 0.30260636535229746d0 -1.2714473336593144d0 -0.3531398931163219d0 -0.460461897136244d0
1.4348178747689972d0 -0.5994080786362127d0 -0.6311202119293998d0 -0.6407568002079586d0 0.03054344183739699d0
-1.520291681553769d0 2.1487382242869164d0 -1.9316059737610953d0 -0.5271099157733761d0 0.382851090549386d0
0.21260421748112782d0 -0.6395871260411705d0 -0.44482623689039386d0 -0.744491048713487d0 -0.17559591653357817d0
-1.1388852354018257d0 -0.8386683875031296d0 -0.9068825278629657d0 -0.8583282552636263d0 -0.26478967692721606d0
-0.1861922553702979d0 0.15269874254293944d0 -1.0747184712470934d0 -1.1812159365586692d0 -0.3758199653055092d0
-0.6097143053425517d0 1.38590731110273d0 -1.905248462066834d0 -0.4121723508496259d0 0.4309387927307529d0
-1.0618456183201777d0 0.42199004810337043d0 -0.9068175162806775d0 -0.5718714509775281d0 0.3670141166849385d0
-1.3281035885718868d0 1.4156436935807184d0 -2.1073509570162323d0 -1.0530490577410474d0 -0.07064828321453825d0
0.8421467100513976d0 -0.5494651557833554d0 -0.5314890864228591d0 -0.6481015770898982d0 -0.25597309399708507d0
-0.3990886706365632d0 1.2156473182049792d0 -1.2054612281685704d0 -0.9459477466338595d0 -0.3382065148809178d0
-0.06843411036559958d0 -0.65462422710765d0 -0.7482687802742596d0 -0.6273542862176098d0 -0.02686668273173068d0
1.4417736056876949d0 0.9401721409280567d0 -0.877689667083289d0 -0.442185465831183d0 0.2640510615431611d0
1.2418189954762346d0 -0.26031341482847536d0 -0.2254104222777341d0 -0.8374771356162921d0 -0.7449598914784588d0
-1.3059048985073936d0 -1.5683334855988313d0 -1.687423854819903d0 -0.6766803930727882d0 -0.23457236225050138d0
0.24905640079375815d0 1.001298446332299d0 -0.9217261702955886d0 -0.6783826228263272d0 -0.09597186710196173d0
0.6074824862019336d0 -1.9644648335240922d0 -0.29781225653952814d0 -0.5672916160153594d0 -0.02390016594587263d0
-0.13160166889296443d0 -0.14881306954071635d0 -1.14704022356434d0 -1.401343040220511d0 -0.47616430857121456d0
-1.8269119873847375d0 1.006419025562164d0 -1.690105296082769d0 -0.4240167113722696d0 0.028735941183558697d0
0.6910331282429795d0 -1.5071402288576805d0 -0.04298528264123941d0 -0.6335545765346675d0 -0.5207264557502851d0
-2.4241553199682135d0 0.0938836477108639d0 -1.9362185607732227d0 -0.9402061943559188d0 0.5813715461478054d0
0.11414809715849722d0 -0.36486573745012535d0 -0.8895516443410347d0 -1.0560459165431284d0 -0.7172108292532934d0
0.6540849060733946d0 1.2289468492355111d0 -1.2007561564357905d0 -0.15596273060928045d0 -0.16676873598641914d0
1.4299849475030222d0 0.801605154834108d0 -0.7343903388484482d0 -1.1154703030791104d0 -0.24387570455347016d0
0.8388350323939242d0 0.34692777114585577d0 -1.2832675929365622d0 -0.7898945679108453d0 -0.6761337055909888d0
0.6161041995577409d0 -0.3111758904200162d0 -1.1018132240272451d0 -0.6297506246506552d0 0.35663095181663473d0
-3.2805802339434975d0 0.33735759450130853d0 -1.8960038758025968d0 -1.2915170094679436d0 -0.3370942479933751d0
0.40429511193124434d0 -0.7303452673548823d0 -0.4069824032222058d0 -0.5333447881304716d0 0.09630226859543584d0
-1.9956310653154559d0 -0.5878559324302415d0 -1.20106853007648d0 -0.5650446010910135d0 0.09204193789431897d0
-2.1779474611545186d0 -0.6335647984324464d0 -1.9199726590026462d0 -1.179378617241504d0 0.7839370234497055d0
-0.8073802457592454d0 -0.8868645804373642d0 -0.6542914743826764d0 -0.40813765421801207d0 -0.042221721187269315d0
2.544410999126437d0 0.4937159085409045d0 -0.4456272780991382d0 -0.5061849022674928d0 -0.2731764380302426d0
0.8299270459382688d0 -1.689382755534927d0 -0.6455509668830609d0 -1.0019672438168528d0 0.07563096623495263d0
-0.1211025154526609d0 -1.623794213365091d0 -0.4902037469408993d0 -0.712790754555407d0 -0.6743963208548553d0
-0.08952017584776646d0 -0.669539194643814d0 -1.1895580890984059d0 -1.4178740064872457d0 -0.4762506104808943d0
0.641441876846366d0 0.30327092141857187d0 -1.5347024434349659d0 -0.33164180270985544d0 0.3146645739153451d0
0.2693433688434802d0 0.7559390440683578d0 -0.9848329310737838d0 -0.8574249655193514d0 0.49125257266846356d0
-0.09423481132965567d0 0.6484976041857639d0 -0.8017134509987107d0 -0.5579534678184579d0 0.5256244450635769d0
0.30889816938441195d0 0.23481273907182082d0 -1.1093485438821864d0 -1.1129910725635883d0 0.00930441757456596d0
0.6896711850218404d0 1.4156457159181621d0 -0.9917012112336742d0 -0.5537099099066066d0 0.25879484068391934d0
-0.05865915039491579d0 -0.8361031273356885d0 -1.3094179250742146d0 -0.8313274181128069d0 -0.20225350915430138d0
-0.6775577689993335d0 -0.0686838596925728d0 -1.1934820977813758d0 -0.9848614206798898d0 -0.009784834473634818d0
-1.1925377098185603d0 0.3124050742370707d0 -1.4496185708551927d0 -0.5307674604189604d0 -0.26974348922279184d0
1.8879410551909688d0 -0.56808038603018d0 -0.37174919799111794d0 -1.1525394213255304d0 0.17105093305886626d0
-0.2484232199614888d0 -0.30116966649282056d0 -0.640434726291967d0 -1.2269894621413395d0 0.2938890171454582d0
-0.6237571534718687d0 0.23136128849737606d0 -1.8130084710486223d0 -1.1196056441441784d0 0.18681884415570613d0
2.0402195524944875d0 0.6330890365048991d0 -0.5729742720175954d0 -0.9208724576374114d0 0.01459243103908521d0
-0.6953574323495971d0 -1.735833016245913d0 -0.8053928200002806d0 -0.8419038814088038d0 0.09160300423301271d0
-0.19423046212561726d0 -0.3767969468079832d0 -0.8246556477124809d0 -0.9995633800261663d0 -0.2515229896090645d0
-0.8087115751491519d0 0.3337693164094592d0 -1.7577578256081454d0 -1.4992861975251688d0 0.10757441818739902d0
0.6767003498744258d0 -0.9345173591590529d0 0.12715292711433934d0 -0.9472105918105165d0 -0.7890156189354864d0
-1.0348234265059713d0 -0.3741013033793425d0 -1.0788448295177973d0 -1.4499196172148925d0 0.042352401135868245d0
0.4569557840003064d0 0.037977289518470056d0 -0.8071652572838675d0 -0.8694451163317569d0 0.24093078145697888d0
-0.8568425208854176d0 -1.700500430485359d0 -0.8319552762409282d0 -0.9986083975195259d0 -0.49716709995160513d0
2.155916134539743d0 0.3027733005695167d0 -0.6722835295615903d0 -0.5636449521111412d0 -0.29991435199127514d0
-0.10097257253741486d0 -0.5088630501810982d0 -0.9893637576461707d0 -0.9347732828798172d0 -0.7090430418150401d0
2.2176278264804026d0 -1.0773716561479474d0 -0.2338297772743454d0 -0.5645476251590082d0 -0.2942808416627617d0
-0.7328422908101564d0 0.517199667140927d0 -1.3370961793272593d0 -1.2114484008025537d0 -0.7943062583354611d0
0.4692416310235299d0 0.3514836940290103d0 -1.2591137830931618d0 -0.8776029646425251d0 -0.3754166919684311d0
0.15183777497820272d0 -0.5728701329855969d0 -1.4678814429798277d0 -0.5476177060642788d0 -0.16038678058666547d0
-1.3265175866989452d0 -0.4250639953600333d0 -0.7954532536263799d0 -0.6050364129676304d0 -0.2647760496605174d0
-0.6746815837109613d0 0.45139575998049863d0 -1.241019450673532d0 -0.8211161950174526d0 -0.3938287665155955d0
0.05366444437317629d0 -1.7711975021288187d0 -0.4329472964343948d0 -1.1161284392827255d0 0.06426586755701263d0
0.7377211243518262d0 0.9109029188467475d0 -1.2689548201267364d0 -0.9902237417089966d0 0.24795436439859314d0
0.40806101909747045d0 -0.6186894602641483d0 -0.8777154888833842d0 -1.1465579916584352d0 0.03416675603650886d0
-1.0646615685648622d0 0.10791849186467631d0 -1.570675119926066d0 -0.80049301333247d0 -0.08193664912199417d0
1.0722220824725524d0 1.2877228272479324d0 -1.6981292144054765d0 -0.9575255089847813d0 0.6239266333944281d0
-0.54586644568081d0 0.7086959530613496d0 -1.5383404541980419d0 -1.0222243853040829d0 -0.15582028752587884d0
-0.42722191171068846d0 -1.997350433209019d0 -1.0614354565108766d0 -1.0897255619709871d0 -0.6647340870620433d0
0.6225085411369715d0 -0.5142537399379289d0 -0.40690957468011163d0 -0.48830773549275763d0 -0.511765895229122d0
0.8923453002796407d0 -0.6502985260017532d0 -0.765343557289367d0 -0.7149501891349287d0 -0.29911883350250923d0
-1.1165113338980934d0 -0.7212343426019102d0 -0.979727164492221d0 -1.1027708367790718d0 0.1156880136080854d0
0.32225762256717416d0 -1.6336123352885945d0 -0.8890945550530954d0 -0.7432756571563651d0 -0.8533289115041537d0
-1.4769619129118838d0 0.11034181432188886d0 -1.4500548890020868d0 -0.5071333703078124d0 0.20516208602814365d0
0.6977068393032289d0 0.2862212640007496d0 -1.039502175835169d0 -0.7062460347910707d0 -0.16200942675170465d0
