-0.4797651468450346d0 0.07963787159184683d0 -1.9387290428992123d0 -1.6419179219876625d0 0.35687173302714775d0
-0.6686774250392048d0 -0.17050126712140776d0 -1.433439987945715d0 -1.926777971982531d0 0.2554381574729301d0
-1.9894775582455306d0 1.4424516456778589d0 -1.9659334048853363d0 -1.0584197148578784d0 0.32579635563275733d0
-2.2864934214394905d0 0.11213759596431803d0 -1.7495365868165034d0 -1.739054706213651d0 0.08818088026085408d0
0.8527209367516937d0 -0.813921052697881d0 -1.91712393869435d0 -1.504237020169329d0 0.3090882449342782d0
1.6559673918693811d0 0.20218765373556954d0 -1.1664151772568487d0 -1.4872292564643912d0 0.27221590261458023d0
-0.14140167030326797d0 -1.4080916392384102d0 -1.1929760589418694d0 -1.2024003928736717d0 -0.13132247748808162d0
0.5804496343068054d0 0.5268841077949763d0 -1.8716815919758263d0 -1.444756561468787d0 0.5512877382203147d0
-0.0721201741312349d0 0.12403067831567603d0 -2.2361836861486957d0 -0.6958498372440283d0 0.6296711908098076d0
-0.40644530168323934d0 -2.1239797793779176d0 -0.9642980019645292d0 -1.458539823231754d0 -0.22098546734652091d0
-0.20999512524255193d0 0.37471876783915975d0 -2.1786050360366236d0 -1.429164448758192d0 0.24523852378684266d0
1.1011470529283127d0 0.6193579797295868d0 -2.6803897217937314d0 -0.9605834955710468d0 0.4555321677401639d0
-0.9280663960199049d0 -0.05425798670781618d0 -1.414453221972497d0 -1.4999432472277594d0 0.4651349258143661d0
-0.6728531984086402d0 -0.25777859949911297d0 -1.986426429216254d0 -1.3797787548903058d0 0.3003041640383414d0
-0.3150592292678727d0 -1.0225035330153482d0 -0.9534158946271213d0 -1.3263450800743724d0 0.7387094856806691d0
2.0997668549701523d0 -0.2761551301747816d0 -1.4564266408805175d0 -1.3757552124290853d0 0.2799396322953073d0
-3.0588757976637684d0 1.9406460445181337d0 -1.2857463447537327d0 -1.5243845828044302d0 -0.32216985190603004d0
1.0673201946738118d0 0.28320474776998233d0 -2.1347029737366996d0 -1.5450645710931918d0 0.20460870391326222d0
-1.3668410267712716d0 0.32027878612865224d0 -1.7971577697886258d0 -1.3208415668304898d0 -0.20462205386853188d0
-0.5714953934663073d0 -1.4941797243739319d0 -1.1867628916437327d0 -1.7140550220794768d0 0.1250523665681945d0
0.05470228320758321d0 -0.7405447824531032d0 -1.6951772761127801d0 -1.6200041134389782d0 0.8314671064016924d0
0.40134935833387814d0 0.9067121744314924d0 -2.181015819107068d0 -1.459176116978676d0 -0.5268953626052906d0
1.897516393411466d0 -0.1482943738443494d0 -1.3747880150135396d0 -1.6472699790544016d0 0.41201558202151706d0
-0.6043606168697659d0 0.0398161359889957d0 -1.5901174316266506d0 -1.6407662432134962d0 0.7705431312067211d0
-2.2327005646913567d0 0.8772990360221894d0 -0.9731231779200274d0 -1.7288581227298814d0 0.33901584314921385d0
2.4565860283584393d0 -1.5436086077201052d0 -0.6693753192081637d0 -1.5554759157188722d0 0.5191369941301309d0
-0.5230015681020611d0 -2.0812262703952817d0 -0.6883885527852263d0 -1.70277199746444d0 0.16565831727181807d0
-0.8380152754029925d0 -0.2820711041863063d0 -1.4530244634477434d0 -1.1098734305830331d0 0.47249577871144866d0
0.8225895801434127d0 -0.5074695405779959d0 -1.8676687853426523d0 -1.8070090098027498d0 0.4384926519703678d0
1.0535015980146665d0 0.031229382139348602d0 -1.931557361367945d0 -1.6495646270675253d0 0.42885972810383d0
1.012833926914785d0 -0.30452410696456644d0 -1.5059839830034887d0 -1.3442450896606801d0 0.40917516683912347d0
-2.6474121719260113d0 -2.0310860737554557d0 -0.3610185305206852d0 -2.859805881371238d0 -0.046815900237213215d0
2.0115768315380405d0 0.160324696841505d0 -2.2965840391722163d0 -2.0146926320798864d0 0.3500587875714492d0
0.6480437986147876d0 1.3009174669577799d0 -2.0484244784422803d0 -1.179929291511621d0 -0.4477546798155577d0
0.8481005308517394d0 0.32527039568930394d0 -2.066652752529394d0 -1.0909452957959627d0 0.11329750695109342d0
-1.104190650053008d0 0.5446091131422316d0 -1.7898723217050476d0 -1.143956220032119d0 0.5642570158541955d0
0.8651239757035518d0 -0.5975387179298596d0 -1.4771655752589732d0 -1.5697460455331231d0 0.1774299512444663d0
-0.09020707411868846d0 1.2578328428500583d0 -2.3947729186250135d0 -0.9784214953000615d0 0.39916570424053477d0
0.17404586367187422d0 0.16276436694428784d0 -1.7328877754746128d0 -0.9113830914292961d0 0.09268390921596259d0
-0.4030025208480385d0 1.4297167815494674d0 -1.8903215514823137d0 -1.1258642118348792d0 0.3222584590239632d0
0.0981456777461805d0 -0.5409307381948522d0 -1.8601365925871112d0 -1.3320579076746009d0 0.2718656235232024d0
-2.655345152677631d0 0.8584210727163366d0 -1.8545966759865917d0 -1.26564427060376d0 0.5083774929566671d0
-0.14017648161422508d0 -0.06733463607957028d0 -1.828340182434141d0 -0.7606387977496372d0 0.9438802210438286d0
2.043357610370159d0 -0.7661888330355577d0 -1.2216541197672173d0 -1.4424650159436276d0 0.3609237727748002d0
0.9953185878734143d0 -1.005420776894111d0 -1.537501221011847d0 -1.3647771686398873d0 0.671546424381001d0
-1.8398491259524414d0 -0.3770020867616586d0 -1.3628022045910635d0 -1.0218247873673003d0 0.4044669330856125d0
0.1401411281642672d0 0.7616783186881437d0 -2.5674626300793353d0 -1.1883980958261438d0 0.5823359837550907d0
-1.569414969119926d0 -0.27245483694379574d0 -1.449733002763579d0 -0.8625822971540532d0 0.4909886529659653d0
-2.055315399248128d0 1.7681613348496286d0 -2.2187011558789336d0 -1.0328189017078386d0 -0.4234256045257137d0
-1.0483036393414513d0 -1.444425792273783d0 -0.7323869970311645d0 -1.9121411516856037d0 0.2907254334251536d0
1.3791357855230906d0 -0.6637378301304663d0 -1.6353800542404788d0 -1.123963753516251d0 0.38843525486133146d0
0.4158851135649755d0 0.17977632640467198d0 -1.6908450533270776d0 -1.8218801118031283d0 1.076406647851831d0
-1.014956148891029d0 -0.9800631243012413d0 -0.8817647944810421d0 -2.1833525133778027d0 0.2286446151384409d0
-1.036322489743607d0 0.1688387557850593d0 -1.455123280278368d0 -1.1821513308935914d0 0.12875319483035164d0
-0.5110094960417039d0 -0.08859092962257037d0 -1.4891694727697509d0 -0.9229221482766101d0 0.46633237322711274d0
-0.4428440079708392d0 0.06636661945968925d0 -1.1134566104072086d0 -1.2056972443301666d0 0.43324021010245894d0
-1.2400545177277602d0 -0.08739477148157908d0 -1.6065771388951002d0 -1.44729426111616d0 -0.1466155717258878d0
-0.9406217588693788d0 1.0496507096448433d0 -2.0626252247234826d0 -1.6195865921695867d0 -0.008210716680163765d0
-2.3460671842192604d0 0.25159538231143835d0 -1.235033891451686d0 -1.3069471460870143d0 -0.120503383285604d0
1.0565356005585536d0 -0.14388626541667138d0 -2.302843897314661d0 -1.177585433398841d0 0.3326008625088104d0
0.4784982669686099d0 0.278929559323126d0 -2.1504644933900448d0 -1.50737244231988d0 0.4453327873826163d0
-1.577739033365084d0 0.7430732381921549d0 -1.529175295957845d0 -1.13227789953943d0 0.5327081157701865d0
-0.1539711965955226d0 -0.09826043637185589d0 -1.7720333637367527d0 -1.230207270571984d0 0.04500702164207865d0
-1.341112684517476d0 -0.7409386627887954d0 -1.1319538963282323d0 -1.7256881973988747d0 -0.24750540499033602d0
-0.10835550748048478d0 -0.23269130999622142d0 -1.4663432916554857d0 -1.7787439600993835d0 -0.08199632408799407d0
0.3141937215855577d0 0.29989837506632916d0 -1.9589306722148914d0 -1.3980874115966726d0 0.1790971788997137d0
0.4597523335296071d0 0.06971246674328642d0 -2.137410918054965d0 -1.2146376439699627d0 0.029719034428048186d0
-1.8159804243963393d0 1.3690955151551334d0 -1.6371815197557673d0 -1.1305684704108565d0 0.08855167265786845d0
-1.0987676278948895d0 0.8504114827792097d0 -1.4639242658050295d0 -1.235057414292972d0 0.6343856964757473d0
0.7261054166748663d0 -1.3388815363353996d0 -1.2375879837373338d0 -1.660582724888188d0 0.3862472034648454d0
-0.29987166825683753d0 1.2817509473377195d0 -1.9973458109089217d0 -0.6215542504654157d0 0.31326775321248984d0
-2.057474436498052d0 1.0721824912458624d0 -1.5777489306498151d0 -1.8621983765190753d0 0.6526879297263772d0
-0.41952706465021783d0 0.29404347506178125d0 -1.5498134303799178d0 -1.0482366241833632d0 0.5579667520157416d0
0.03387819841359078d0 1.6706231067420265d0 -2.2011681444235816d0 -1.619192741077271d0 0.5767581773466061d0
-0.1535355689536031d0 1.318052480900022d0 -2.346584384669347d0 -0.8167772699571356d0 -0.12391698102253818d0
-0.20619938582657107d0 1.8914160787402272d0 -1.9183853164117775d0 -1.0082369799410287d0 0.011398490894733965d0
-0.2947573674880317d0 -0.6646453132972082d0 -1.0186199304585417d0 -1.7770599921325818d0 0.4317617985944935d0
-0.9315659833615774d0 1.8632808777330228d0 -1.7596378960959946d0 -1.1129616204715052d0 0.3085030335780087d0
1.0927407506225375d0 -0.22736386974905354d0 -2.135177305313573d0 -0.9214471698534832d0 -0.2975609852369593d0
-0.7837723973071199d0 -0.35383773534772167d0 -1.866972821273006d0 -0.8804276284848218d0 0.16781422823710254d0
0.11655724142619012d0 0.5991774277238016d0 -1.745375954999706d0 -0.9291087926946842d0 -0.14562193687451103d0
-1.9286296080197114d0 0.9480152498141708d0 -1.4080147289650926d0 -1.7910715180730037d0 0.2531921559866202d0
0.3776734657254454d0 -1.0330078567201622d0 -1.3868970654998682d0 -1.2968115796972024d0 -0.3399145200042873d0
-1.0984559225453059d0 0.39637807320170954d0 -1.5268763019707123d0 -1.7010261350602172d0 0.4603619387154686d0
-1.6470826830348597d0 0.08410495917047726d0 -1.7044848364997016d0 -2.0754327770042154d0 0.08992695387847599d0
1.2227211908157216d0 -0.3215253440212519d0 -1.5251507864277154d0 -2.001478126821103d0 0.5650767032526595d0
-1.7416050751894212d0 0.1104057720997711d0 -1.5721127696101012d0 -1.2635410587117648d0 0.42416476063657416d0
-0.6192445142279692d0 -0.7175757554544064d0 -1.0875927061632233d0 -1.0840751793306462d0 0.24507903276210855d0
0.08021666196965548d0 0.7875519086958298d0 -1.885861722117072d0 -1.9588323315597331d0 0.3518228757346556d0
-0.023130103408826572d0 -0.010895160879550397d0 -1.6354047166283976d0 -1.4590349169748769d0 0.7905832216061748d0
0.5832308151498047d0 1.0286892443332465d0 -1.9989540091816607d0 -1.607831874968478d0 -0.1290267889939184d0
0.822434231370669d0 -1.2133962284978845d0 -1.8697387751095356d0 -2.1062551849027007d0 0.5371001329711824d0
0.9022884060425872d0 -1.2372887243352453d0 -1.0846251109432283d0 -2.0274787730154156d0 0.015374248204670982d0
1.3438525460900388d0 0.4229289710000376d0 -1.1067813886248556d0 -1.6502942858779284d0 0.25769588960137635d0
1.321082895787204d0 0.6297345344625479d0 -2.1726397888222557d0 -1.0113019520297635d0 0.10603569767919627d0
-1.1017120265249734d0 0.7900827408915857d0 -2.0032622474085136d0 -1.6826056099800888d0 0.040015624505927216d0
2.1223253169217706d0 1.0177963029410184d0 -1.7722911402902979d0 -1.4623968866145232d0 0.29074062162919906d0
0.28344290516034176d0 -0.018560955673956516d0 -1.9392759942775584d0 -0.9457826488216048d0 0.41670292218320154d0
-0.9451783994076349d0 -0.9685264453134931d0 -1.775717434081149d0 -1.1595552825521849d0 -0.04415562531646877d0
-0.8172747546770802d0 0.4247142074320314d0 -1.9140268007072736d0 -1.7638562637902788d0 -0.2900753097444021d0
-1.4329562895266164d0 0.728468039572594d0 -1.5856295692776805d0 -1.2773048747058762d0 -0.09489579452772912d0
0.040841469012886975d0 -1.9875859381607202d0 -1.3203221407290502d0 -1.0928957119563105d0 0.6945980629370808d0
0.20496166713370004d0 -0.6802858781339843d0 -1.2864497462156783d0 -1.2655375789211027d0 0.7841451103540604d0
-0.9554183798054786d0 1.4477438140260444d0 -1.6859129636622068d0 -1.356695010604998d0 0.9741740472946013d0
-2.2212236548092217d0 2.2913985447775382d0 -1.0784625606424632d0 -2.177526533705509d0 -0.36240232793776744d0
2.359884083374095d0 -0.602947742730714d0 -0.4103310134662447d0 -2.045488763356301d0 0.79389944931641d0
0.6968357639681304d0 0.06525023684734206d0 -1.8754793849170053d0 -0.9123994254864309d0 -0.1874151203015671d0
2.557949716861898d0 -0.8548625183609263d0 -1.2493832615889058d0 -1.5088607361756226d0 0.7203565523398057d0
-0.848667221962432d0 0.39268008719963027d0 -1.695222954849244d0 -1.3188042087116998d0 0.5628071451341802d0
1.3151389259943704d0 0.7707285162429275d0 -1.7587454856126137d0 -1.3398639924178837d0 0.09565425453552595d0
-1.3759455857213931d0 1.3565173679135296d0 -1.4534402462964948d0 -0.7886083063793924d0 -0.006426633324401049d0
0.4459342943046832d0 1.6603505955681115d0 -2.255521071647624d0 -0.8335002290757298d0 0.1810747574392546d0
0.1364484290782005d0 0.34992625221116774d0 -1.717578003259391d0 -0.9503115699341778d0 -0.1326971445365589d0
2.4953791346546885d0 -0.3440953817859074d0 -1.6039854067175705d0 -1.6975424181729528d0 0.037593914259813066d0
0.2956171068953623d0 0.12258510934599262d0 -2.259406425584111d0 -0.07468451383497299d0 0.06466322281963147d0
0.052692638494803754d0 -2.034633526667365d0 -1.3516155814917705d0 -2.1034932660068497d0 -0.5559387632102706d0
-0.26997324391258015d0 -1.5068297279288025d0 -1.540365496098317d0 -0.8433151440630001d0 2.871257025200413d-4
-1.5544729745542045d0 -0.08018827068798931d0 -1.3680474018659543d0 -2.4208074944498854d0 0.11457959198008313d0
1.9191127147434337d0 1.4103598141875606d0 -2.349322389131177d0 -1.0509429126991912d0 -0.3963861481835591d0
-0.06143462686697131d0 -0.32560034921170106d0 -1.3756966756463267d0 -1.2275580736838485d0 0.47402233820198597d0
-1.595940392183403d0 0.4547498435076702d0 -1.4111500541462358d0 -1.491971012033603d0 0.6318018320387637d0
-0.0333808729101157d0 0.4128994624477538d0 -2.029414890281261d0 -1.0062329711145495d0 0.9500313682303825d0
1.2056634987246473d0 -1.2421108465216775d0 -1.4125833901202771d0 -1.7049099296690056d0 0.17236927313384132d0
-1.665280844470062d0 -0.3918473827064806d0 -1.4225600301293473d0 -1.8886578474323306d0 0.18267249687807474d0
0.7446804074420406d0 -0.3262182649686188d0 -1.1645418614138936d0 -1.3824035678367128d0 0.060224088924319824d0
-0.4441891487285631d0 0.8240042623624633d0 -1.8703101891981293d0 -1.7518024227376292d0 0.44835490694484004d0
2.5825159278302308d0 -0.04601514181805994d0 -1.5609577220736945d0 -1.459282856373856d0 0.7258481237235763d0
1.4279475516302371d0 -0.2956219940957117d0 -2.0690432073765868d0 -1.3747965507189215d0 0.28581260560486177d0
1.9867675612366718d0 1.8401441213963046d0 -2.2912888802444558d0 -0.7625307758122275d0 0.0032472249973968803d0
-2.6479328579073647d0 -0.6819496296965941d0 -0.811328526475494d0 -1.4365931983787692d0 0.23480358714782879d0
-0.31642147349711774d0 0.17963011216807837d0 -1.777384629629354d0 -0.9953588140387901d0 0.9455821731840164d0
0.04394829568073148d0 0.7213599615475275d0 -1.859411195690527d0 -1.2863244715966295d0 0.09025965537647992d0
0.10614192663399416d0 -1.3404015570022227d0 -1.4865940138507432d0 -1.1400618254126924d0 0.6184060772394926d0
0.013822623529047813d0 1.668361073971818d0 -2.0605229030299754d0 -0.9558618891882513d0 -0.3878974101616776d0
0.1706497258153894d0 0.9170995773520209d0 -1.8072617952967185d0 -1.7471863321737102d0 0.2518204011850119d0
-1.1533202491763739d0 0.38752598447685205d0 -2.190734201510117d0 -1.5217070222931528d0 0.028172950696579407d0
0.7658296896510425d0 -1.0264220532210158d0 -1.1868180375323696d0 -1.5069858819830262d0 0.19331604468720448d0
-0.6827968219511245d0 -0.06814828593758045d0 -1.905706150637429d0 -1.153003565207294d0 -0.009448059287797683d0
-0.5054361062342106d0 -1.361194220192979d0 -1.3151233433242209d0 -1.316410766284345d0 0.21322747278029924d0
0.4639183652866433d0 -0.2367304295580214d0 -1.828086904770896d0 -1.5570894643333935d0 0.4776484385346103d0
-0.928294443341268d0 0.3890621721515172d0 -1.3629737270070326d0 -1.4654319647293128d0 -0.34864647628361667d0
0.11719403100861242d0 -0.3912762663204151d0 -1.406318288487031d0 -1.4731241659401195d0 0.1298753189771534d0
-1.561127512932452d0 0.0225040079265368d0 -1.5803556564134689d0 -1.5017551950850905d0 0.3584707209306663d0
0.006284060255389909d0 0.09637605952626614d0 -1.9956495045550777d0 -1.1059232145996196d0 0.5561185223212451d0
0.6999913249951194d0 -0.21752796769288638d0 -1.7518879040374085d0 -1.288154560960356d0 0.18933495590389182d0
-1.8607588995866677d0 0.29690684037936255d0 -1.6157300032650077d0 -1.2120031607947706d0 0.2363522235603205d0
-1.3556054440193124d0 1.5805941302434978d0 -1.7241496431144248d0 -1.0961243057341459d0 -0.16051721255576845d0
-2.229062973469083d0 -1.113634664643985d0 -0.8269823096512382d0 -1.343670365271734d0 0.004697672485330984d0
-1.246888207499455d0 0.5668471045401466d0 -1.066127245239643d0 -1.7762644810910468d0 0.4653577758902032d0
1.3714820618181605d0 -0.34719329308850166d0 -1.7014363352964776d0 -1.6255036895362736d0 0.6507153078374871d0
-1.7423169225337791d0 1.8067616737021228d0 -1.6093876008003554d0 -1.4396580025952703d0 -0.5127672007307454d0
-1.4668848289086063d0 0.31791348694511823d0 -2.3216723527181644d0 -1.2841102727232814d0 -0.0713114374553665d0
-0.924673991531069d0 0.4485211735967291d0 -1.7393252989357626d0 -1.1008672294521231d0 0.0800914152379461d0
1.1026731975848818d0 0.7080371751490716d0 -1.985871213206906d0 -1.3771581413106695d0 0.42912406668696124d0
-0.12388105684411942d0 -0.7591990092589512d0 -1.5476868062598252d0 -1.1867433972828514d0 -0.16360394480938162d0
-0.6756939096933604d0 -0.6613842170033631d0 -1.3866141417043814d0 -1.7037879259748907d0 0.5088022382378565d0
-0.026160135846373774d0 -0.32007771639227073d0 -1.8916327433025248d0 -1.4517591618997034d0 0.7035709439657885d0
0.44220477980264083d0 -0.02162043149617517d0 -2.06173247984243d0 -1.163701887090867d0 0.7998078591178092d0
1.2867789518658406d0 -1.7754307841019883d0 -0.7591502141999926d0 -2.2590274445219727d0 0.23861700638027045d0
-1.0019534334194808d0 -0.41108688867198384d0 -1.0861878234508806d0 -1.6123262943325973d0 0.06636418605132255d0
0.30543082714796366d0 -1.283443601440553d0 -1.4496231460636975d0 -0.9059036938587395d0 0.6305441032259206d0
0.2785861511661896d0 0.31060727741739347d0 -1.7046490221419268d0 -1.4399874849377943d0 0.26566624483663354d0
-0.833333842590057d0 0.12659531617665523d0 -2.012859421453082d0 -1.4852025919685892d0 0.46177538450285116d0
-0.08217705859203785d0 0.5613138749406742d0 -1.9613510887891643d0 -0.7180985499637785d0 0.08179768141827334d0
-1.3074558855554426d0 -0.5388333455883069d0 -1.3203557337348555d0 -1.3783714873671793d0 0.3173060792496343d0
-1.1129376513375853d0 0.382651066819907d0 -1.1623082723372593d0 -1.6608721029839177d0 -0.022065141293010238d0
1.1528651682677749d0 -0.5570964156148621d0 -1.6528440530425108d0 -1.1502406488284829d0 0.5514104882722504d0
0.40221624720472254d0 -0.18037259990691581d0 -1.8556175304479374d0 -1.7382840793958492d0 0.3960886074025295d0
-0.949353504144362d0 0.13045592258588432d0 -1.7581194985658741d0 -1.64930627401761d0 0.15946221129030835d0
1.8008098314438803d0 -1.2933303149073885d0 -1.0217758136215958d0 -1.6755283109141932d0 0.4171564965760672d0
-0.5328370075878778d0 1.056042743792072d0 -1.951826774006086d0 -0.9969568337804222d0 -0.004613059096325367d0
1.6060506719207461d0 0.2709599047283001d0 -1.557703473644426d0 -1.5129950469950029d0 0.601387303453504d0
-0.2266682355651308d0 2.3096233381087705d0 -1.909651470179295d0 -1.093760971756106d0 -0.5100508283254088d0
1.480758127556094d0 0.9432942277115327d0 -1.9236008320511517d0 -1.0764573956368344d0 0.3403213667830076d0
-0.08251881514589358d0 -0.2697778727028657d0 -1.7269666035256206d0 -1.0203582682107473d0 0.49947442360945093d0
0.18041924935942288d0 0.7665529449637969d0 -1.9156691337168859d0 -1.8268492993492833d0 0.34660712150333545d0
-2.2194440916459124d0 -0.3958848099712993d0 -0.9978327072232703d0 -1.983330333579078d0 -0.023064942831900692d0
-2.58148089237194d0 -1.0191925162799234d0 -0.7886397024120766d0 -2.1419163511864214d0 0.017856153295447763d0
1.3296757985309378d0 -0.45313906792183134d0 -1.7937512797256887d0 -1.9778033726981192d0 0.25431466117730017d0
0.9352311921702323d0 0.014953448734409664d0 -2.4183959483033304d0 -1.3221441952335076d0 0.35701222511601427d0
0.09789635888384024d0 -0.48011447665344836d0 -2.147370503237809d0 -1.038236546924806d0 0.07618590742621986d0
2.2849058288172137d0 1.0719091416656261d0 -1.7359493682040414d0 -1.3648535090992284d0 0.8002670526462082d0
-3.150571542434876d0 0.6163350655246926d0 -1.1234837972941658d0 -1.8261538520927036d0 -0.3717554707375972d0
-2.3053894525548673d0 -1.5704148999485399d0 -0.601935738902283d0 -1.1934443923994236d0 0.4545131869415624d0
-0.9309133697336358d0 -0.6381532305245006d0 -0.9841628875839443d0 -1.7828460541851265d0 0.4641979704065915d0
-1.8685589866262993d0 0.6731060512193311d0 -1.2573067830201898d0 -1.4892818112904371d0 0.4562446879534457d0
0.20699947261982357d0 0.6379706785745773d0 -1.9373485934990289d0 -1.569905800269836d0 0.26514630086070273d0
-0.4911139242108486d0 -0.5800774176521615d0 -1.1040926867455654d0 -1.4735350204038307d0 -0.02915021324535985d0
1.3124466149601368d0 -0.491677821457241d0 -1.1744542572388428d0 -1.8586097930972816d0 0.36250997279030994d0
0.5156154574424183d0 -0.3159307399136353d0 -1.9275010650557012d0 -1.3028714804251391d0 1.074353051086523d0
-1.5955673088233668d0 0.03648396427648066d0 -1.4496312689377502d0 -1.734084975574132d0 0.22632858367897205d0
0.2921759886326267d0 -1.535443369206446d0 -0.8274997731990408d0 -1.4322293877439927d0 0.2950818901453849d0
0.8498240985793367d0 0.36336825663752825d0 -2.22241489831329d0 -1.117415001729136d0 0.2493916521016687d0
-0.13498781598272777d0 -0.5839864050634391d0 -1.4886894552249101d0 -1.5459377390637719d0 0.4061589896945294d0
-0.2628616673558104d0 1.6984617786866267d0 -2.226539514844748d0 -1.4396913557008801d0 0.30224623916864524d0
-1.3071389227850543d0 1.6349142745011516d0 -1.6275589573323082d0 -1.947115223915966d0 -0.6670453629176678d0
-1.181080915829175d0 -0.18440852847252284d0 -1.9068942817324204d0 -1.1124055199583496d0 -0.06353274220603294d0
-0.7314707262879784d0 0.7456587855145187d0 -1.529065952526354d0 -1.7344104637935924d0 0.0967043413753956d0
1.7187522331772365d0 1.4473938135202202d0 -1.984048483275643d0 -1.779635430169939d0 0.2347379588891239d0
0.1021842374023801d0 0.24739603118730885d0 -2.4415538964373966d0 -1.272375413773502d0 0.3686085733669848d0
-2.2440683024590697d0 0.7485519257623985d0 -1.5049682907595323d0 -1.402700488161594d0 0.26198241643622155d0
-0.22933304496426102d0 -0.5461896820758223d0 -1.441245767681949d0 -1.6558492614664038d0 0.503343612333104d0
-1.7588320511780442d0 2.9587445464295334d0 -1.7127991285161235d0 -1.7865606306980086d0 -0.24186098082506094d0
0.5167977180131433d0 0.1198956860820376d0 -1.9205176614717485d0 -1.9684689068520798d0 0.46493384155394357d0
-0.2525598715598657d0 0.5219470409962013d0 -2.1121486004895567d0 -1.1376191756752085d0 0.6318055673445573d0
1.5593069028956537d0 -0.13001321746278283d0 -1.8877283013171224d0 -1.4888751710814132d0 0.20069551821016843d0
-0.23004708135787932d0 0.10947007707003827d0 -1.3631904681734657d0 -1.1562634902112574d0 -0.6388254502857245d0
0.3161556523800067d0 -0.9060681640317874d0 -1.716434476091776d0 -1.5961348705429876d0 -0.25465478423847393d0
0.619784212564523d0 0.0905376140486862d0 -2.071405339697534d0 -0.6573036362587583d0 0.1253752557475792d0
0.4806996159251903d0 -1.0377361861305685d0 -1.3958573632692046d0 -1.1610083272126501d0 0.7080668759759348d0
-1.6941617434823797d0 -0.1329943536939931d0 -1.4722904733965037d0 -1.6549661579237764d0 1.0106267073949682d0
-2.0431415775477233d0 0.8029098157413795d0 -1.7866241017421605d0 -0.7611209487572987d0 -0.06104410109805175d0
-2.9508740313651094d0 0.0321274795539499d0 -1.3962815402396989d0 -1.0615771243109675d0 0.12121002775212958d0
-0.34484888215179854d0 -1.0371741918574775d0 -1.3009598320132572d0 -1.4119601292363329d0 0.4260086296421258d0
0.35720316519123124d0 -1.8420981757588886d0 -1.5724361234197317d0 -0.6535566715296056d0 -0.7339786983857121d0
-0.4360507557200862d0 -0.194473713714464d0 -1.3921459582933253d0 -0.8106804807998979d0 0.8475824860713437d0
1.433615268972582d0 0.8039208094768758d0 -2.238274590603238d0 -1.4648222877514068d0 0.08680923610630722d0
-0.9684606500617728d0 1.0755726192046113d0 -1.374257756102488d0 -1.0881991330406755d0 0.49632429571557846d0
1.9093343008261041d0 1.3541256244228135d0 -1.87245698634008d0 -1.5035241149023266d0 0.5050100758465832d0
-0.06992810091653293d0 1.4262036979207204d0 -3.2460480981983935d0 -0.09023720694336934d0 0.47297461692087833d0
0.8046815282239824d0 1.1634084489170875d0 -2.034169266973032d0 -1.4373382265120638d0 0.3218883998287229d0
0.3706490282638353d0 0.3546290828323469d0 -2.0675662405090085d0 -1.3963645631514283d0 0.17330038898685995d0
-1.8805655274131858d0 0.5262764036241294d0 -1.1838237971203744d0 -1.6637557266646197d0 -0.541820859106222d0
-1.8450043299267245d0 -0.8627636409328735d0 -1.2897050461128257d0 -1.032335721755106d0 0.3693540274505097d0
0.7541371008127757d0 0.7148455895546239d0 -1.8505687196264051d0 -0.7825706923860597d0 0.03429133609714216d0
1.5251637660772874d0 0.3195446626560277d0 -2.108725376638692d0 -1.0128599482727392d0 -0.057037775288374365d0
1.3564816307967755d0 -1.2094449921300952d0 -1.1586737754404126d0 -1.6699341785592094d0 0.9099215596109783d0
-0.7038250876825968d0 -0.028987121498879966d0 -1.496715107953066d0 -1.3183745746837396d0 0.4913784818681009d0
1.2480005660129478d0 -0.5453206860935093d0 -1.9302215921695607d0 -1.263047518606641d0 0.5527425227457001d0
-0.11178100764521061d0 0.27940257418117875d0 -1.900004847926261d0 -1.4325322437416081d0 0.39717317881874564d0
-1.5591121642164734d0 1.5755294215835776d0 -1.9808992130294756d0 -1.4389484540994315d0 0.32186801845693624d0
-0.6264001327384898d0 0.7518528148378716d0 -2.2302384847682224d0 -0.985698744236478d0 -0.1832668214843508d0
-0.2015109404138275d0 -0.5672302918548253d0 -1.6840982187951477d0 -1.1311906015166906d0 0.8907025796221525d0
-1.2235870070882253d0 -0.5320546720825199d0 -1.1560420797342557d0 -1.8740224263790228d0 0.2255152540308709d0
-0.4023015947886989d0 0.946578982963426d0 -1.9140182940526005d0 -0.8681923415250024d0 0.6238918446743653d0
0.720836954769778d0 -1.9463807216512605d0 -1.625805663320496d0 -1.3671686391782274d0 1.1043139159656676d0
-0.7063474991511333d0 -0.4079193018581939d0 -1.7938889514881962d0 -0.7684836252955175d0 -0.3732215157891389d0
-1.774748353522576d0 -0.28948046596098437d0 -1.4310941617515178d0 -2.0178960292260637d0 0.17976155895523205d0
-0.40753885719592375d0 -0.20216465958844423d0 -1.6110933236253056d0 -1.2378774519601021d0 0.32906297360896336d0
1.0241400470994362d0 -0.8137310814523632d0 -0.6004230732410915d0 -2.239731297891699d0 -0.36571324235707875d0
-1.2423404905874498d0 -1.4242776542944169d0 -1.039018403148908d0 -2.092465934183766d0 0.015374661354206898d0
0.3873073734712032d0 0.6346967417144214d0 -2.3405061305947195d0 -2.150495374256548d0 -0.3233759561373065d0
-0.787849114185569d0 0.3663749685218788d0 -2.448701791495219d0 -0.43933757046974087d0 0.543528357247372d0
0.835275079162575d0 1.2329050272652384d0 -1.784639240608833d0 -1.7285311746994168d0 -0.2131409535064365d0
1.3218042310690217d0 -0.08757471853059089d0 -1.8742871102034342d0 -1.265608962150586d0 0.8310739012047534d0
1.2808448479738532d0 -0.9446067631059983d0 -0.8530389714032675d0 -1.7557312306105777d0 0.34362890620900977d0
0.366634961154009d0 -0.6888592693724269d0 -1.8077458543269356d0 -0.8773446393662432d0 -0.14450557506047107d0
0.5603761720144331d0 -0.7111206848851496d0 -1.1368890395909759d0 -1.0824179528773366d0 -0.4035688268068951d0
2.4221644843210406d0 0.5065996012347164d0 -2.339176359418906d0 -0.8167285267900428d0 0.2887483109340455d0
-0.015266464438362272d0 -1.0786618437795419d0 -1.3500153049079038d0 -1.7799251205193518d0 -0.41989791919310476d0
1.9889351418713443d0 -0.17740530937507576d0 -1.3283620628247605d0 -2.031725193854576d0 0.06721731404336362d0
-0.04558710642758115d0 -0.23584337250368798d0 -1.5403047212901113d0 -0.99363045986902d0 0.1704476872009084d0
0.5840696971720469d0 0.9220169142774154d0 -2.1084242656396937d0 -1.5076740483830537d0 -0.016461082346443556d0
-1.0155546621896232d0 0.4210551726646636d0 -1.7286373154903958d0 -1.673891047362181d0 0.05027297900480543d0
0.1313365890745828d0 -1.2845718854585024d0 -1.6363761113984299d0 -1.7504405096609825d0 0.487988536995281d0
-0.3060051504719961d0 0.570101065500152d0 -2.1651492027863855d0 -1.2039963961357207d0 0.5568789009171466d0
0.6708112709704805d0 0.5271484150259432d0 -2.500493131237401d0 -1.0668261014870808d0 0.7697973958990366d0
1.6606211004405929d0 1.5128613567893727d0 -2.696479783287499d0 -1.4166596996267433d0 0.3768379189915673d0
-0.7312136734770154d0 -1.1713290608868985d0 -1.3419686701455675d0 -1.6249587479424623d0 0.1374286033860237d0
-2.170596437419652d0 -0.8660221758892553d0 -0.8950100240752893d0 -1.733107176044467d0 0.5331209886231543d0
0.507689797551645d0 -0.6029475748521803d0 -1.2931697580012065d0 -2.051404863286213d0 -0.2321097816870818d0
0.29243191309401734d0 0.792378819806541d0 -1.5767999241095636d0 -1.7370888475565116d0 0.0013060984867602765d0
-1.996194054755099d0 -0.3877171049614247d0 -1.4220067399452432d0 -1.6385702658378405d0 0.48917506440752434d0
-0.135097160127757d0 0.16894876610804643d0 -1.5835244801697776d0 -1.400730668629451d0 0.32549076246871494d0
-0.21349146260073001d0 -0.33888927173468564d0 -0.7539043041337995d0 -1.8926274870279478d0 0.5563774326235296d0
-1.3919798290760939d0 -0.6536954588144384d0 -0.8741284507368655d0 -1.54944776809278d0 0.6094863139798279d0
0.918412022010685d0 -0.2579196227798143d0 -1.2343224617226547d0 -1.7440425994139002d0 -0.01573165984091829d0
-0.06613781751090883d0 -0.20339712238829408d0 -2.142902709562259d0 -0.7979165145762149d0 -0.3059216434266082d0
-3.9241558213498324d0 -0.9416761288189507d0 -0.4910419179739071d0 -1.8686434336556788d0 0.6117206195256827d0
0.19552404933216005d0 -1.2407573169496984d0 -1.0215435222934126d0 -1.6743052939626661d0 0.08699929766021315d0
-0.40606612084273624d0 -1.3666826499596998d0 -0.9923964786271942d0 -1.1583877711805253d0 -0.3618484149155001d0
0.4612803519476255d0 0.19147125124983605d0 -1.737411388799568d0 -2.305010302544272d0 0.5999980141970923d0
-0.2856983653269916d0 1.1965076756797253d0 -2.0674512509198486d0 -1.0603027794166622d0 0.008268088160945236d0
-1.9580194039840013d0 -0.0858095366497782d0 -0.714612000154898d0 -1.753295229284845d0 0.11686383542134321d0
-2.023309432591082d0 -0.18880696339107564d0 -0.5672880574541128d0 -1.5048970092707483d0 -0.3576765167367904d0
-1.4700117149792158d0 -0.7196291189716251d0 -1.3641684442170179d0 -1.669884708154463d0 0.0635626926715197d0
0.5102667878298021d0 -2.164688460015696d0 -1.6263957196379666d0 -1.971889275502662d0 -0.38475066223528825d0
2.138342403777002d0 0.10569218452788477d0 -1.5566003997372417d0 -1.2179976827250414d0 -0.06221711507470129d0
0.4488948203530168d0 -0.5539950192823543d0 -1.3187172031265133d0 -1.8178895478102532d0 0.23775775358067217d0
-1.9210756164271485d0 0.5073367380335254d0 -1.3385154906538224d0 -1.074103098098804d0 -0.04787227535544111d0
-1.0119764952747252d0 -1.5612188831309453d0 -1.1552318158329957d0 -1.6672506932054587d0 -0.39979282741591227d0
1.1579102441139801d0 -1.145715982151123d0 -1.3340463469826946d0 -2.001761303567266d0 -0.15091350538722942d0
2.6652575113072627d0 -0.2466730219553553d0 -1.1391224520652299d0 -1.0675764217520445d0 -0.4837505348225861d0
-1.220386872526094d0 0.06272704898561203d0 -1.718022194825306d0 -1.2673227382124386d0 0.5271643716698493d0
-0.2701686169515657d0 0.9054776913157594d0 -1.6137360970053565d0 -1.6987928044298037d0 0.6079713203493584d0
-0.2769401474461494d0 -0.7630952983110589d0 -2.0973314102288683d0 -1.0066192246971328d0 0.6467388091460824d0
0.5860243179487878d0 -0.5159958857949137d0 -1.2693012088780937d0 -0.9633420040511407d0 0.07515784836402456d0
-0.9646373234172888d0 0.43051650854567286d0 -1.3894044805940104d0 -1.4659263055562328d0 -0.027173056872386386d0
-0.8430557059127168d0 0.7030167130222268d0 -2.2609431427593374d0 -0.7912377061959456d0 0.1591230071633717d0
-2.1591590879196962d0 1.2795285663959348d0 -1.3412475725983906d0 -1.741420821558522d0 -0.015172721271073067d0
-0.7820984926159402d0 -1.6814635834056908d0 -1.4000951668220802d0 -1.9526063847579853d0 0.46302106354807826d0
1.1263660052437698d0 -1.2460860903409767d0 -1.1258855366591178d0 -1.8784021731580944d0 0.07104010037917918d0
-1.81262825064296d0 -0.822157612756625d0 -0.8957886841274475d0 -1.3084492021354461d0 0.2815264433538567d0
0.22042478479233352d0 1.3864571871475093d0 -1.9990197239179248d0 -0.9725771656235058d0 -0.15467103528640885d0
-0.31030097363913695d0 0.21461305999391359d0 -1.5566684862859115d0 -1.636538291122686d0 0.04250886772068152d0
-1.0353528878294511d0 0.46990244222172023d0 -2.4531719137372647d0 -1.003762856433229d0 0.5674784615424288d0
-1.1002374934340566d0 -0.8931046260928459d0 -1.4308484531810377d0 -1.3606884864161752d0 0.3356104811724121d0
-1.6338146904600546d0 -0.2970259520955603d0 -1.1478382226308494d0 -2.2145209985398857d0 0.015554063044427552d0
3.4223698255548016d0 -0.7325787789784135d0 -0.5468316153086024d0 -1.3920128966727747d0 0.1380291223279835d0
-2.7639990350031676d0 -1.2183978592936486d0 -0.36797184225390345d0 -1.5158261965038355d0 -0.23369809017690135d0
0.7015117036475508d0 0.9244048813763439d0 -1.8267332294486038d0 -1.9645627395416843d0 0.7041949907518945d0
1.3461666838146762d0 0.3861988164329159d0 -1.3955035971665146d0 -1.3797146878640487d0 0.1047244727106651d0
1.1028452814552656d0 1.2913468562024166d0 -1.63154829517752d0 -1.7453942201747128d0 0.089728589532708d0
-1.7270005014714218d0 1.8503055691256145d0 -1.9058732597483494d0 -1.258970724880729d0 0.7624452174941083d0
0.011882529985503645d0 1.5322281411873857d0 -2.193316479487105d0 -0.5737567871254402d0 0.0034786704464624335d0
0.3795899249818561d0 -1.0760976330726177d0 -1.0932280059751858d0 -1.6586081095249712d0 0.3076822038143293d0
-0.9606431199355698d0 -0.411220530441473d0 -1.6799285678767983d0 -1.5415754592419328d0 0.0019717788528327285d0
-1.1280646963850902d0 -0.22064446973055105d0 -0.8521976506259091d0 -1.596920254308368d0 0.35345373800045554d0
1.7981160067756594d0 0.19362150078902585d0 -1.4477176190593384d0 -1.3557125845644276d0 0.3013362652288986d0
-0.5559324055549582d0 1.0727430661382447d0 -2.6145247423782605d0 -1.0884598452554766d0 0.6358318865489633d0
-0.7175712622874588d0 -0.6378678173445916d0 -1.462833445251881d0 -1.8252455669834329d0 0.38290476580575844d0
-1.1260389663457453d0 -1.9447018491991694d0 -0.6112424989733695d0 -1.7143752837312323d0 -0.2126807491310663d0
-0.8986383544192735d0 -1.8539123410253586d0 -1.216449977984906d0 -1.5030293558983012d0 -0.12712106027158573d0
0.830012412657555d0 -0.16977539518020154d0 -1.3155024467252694d0 -1.601390600873183d0 -0.6040547735010773d0
1.9697776802571607d0 0.11703789852323614d0 -1.8208947190487554d0 -1.5417627254903956d0 0.26416972439976016d0
1.971769496030654d0 0.3410199536385493d0 -1.7376814530798523d0 -1.4011774438648987d0 0.9504261778218479d0
-0.966685383114683d0 0.5781426165027874d0 -2.082215804240418d0 -1.6927490722906136d0 0.4287470529900979d0
0.17464562903269049d0 1.4266329438479322d0 -2.2262274331270033d0 -0.8138253414694749d0 0.003993975906737179d0
-1.4487263875125047d0 0.6274618968540179d0 -1.6784872525577084d0 -1.2342815065736257d0 0.2178805947592658d0
-0.5621448732182123d0 -0.1651058566776097d0 -1.790675444066617d0 -1.7003841204291616d0 1.0087461927858563d0
-0.06008018039544531d0 0.06221446989799873d0 -1.6156680268467578d0 -1.4709208931142832d0 0.022470126646943367d0
-0.7810433659255375d0 -1.140512347272362d0 -1.220052005052106d0 -0.780115080316541d0 -0.3862523434825966d0
1.5522772617802858d0 -1.1112674451586455d0 -0.6699261765945468d0 -1.4421175982246535d0 0.34674267715197893d0
-0.9556058957011206d0 1.331357371654503d0 -1.4415801874768048d0 -1.406641916914534d0 -0.2870688492755291d0
-0.493443950487152d0 0.8662824459569043d0 -1.8082831446069894d0 -1.561784030048989d0 0.29589744490007097d0
-1.9598996015382155d0 0.2956665864798733d0 -1.2019731227488624d0 -1.6184839377716589d0 0.07145680166069071d0
-0.6986662844963627d0 1.0583663350704093d0 -2.0735117245333847d0 -1.004441422760092d0 -0.006617674260408685d0
-1.4273035171011845d0 0.08519548685260701d0 -1.4500846303891852d0 -1.1432570545732976d0 0.2111258534448014d0
2.1758327801553583d0 0.09706670956690644d0 -1.4662427776959968d0 -1.6340672161642076d0 0.12083690250109078d0
0.18645984645879235d0 -1.2874616305100253d0 -1.614937298114861d0 -1.5991585457062039d0 0.5490064856469645d0
1.2436092293844694d0 0.24014598173794352d0 -1.6251133668549642d0 -1.1598689583793487d0 -0.28865454451482536d0
0.13943059620649703d0 0.9376998178936501d0 -1.4122279276626197d0 -1.4127136850218198d0 -0.05623077601098243d0
-1.3265908350546058d0 1.4737833217690772d0 -1.9422931419572347d0 -1.1888833940341763d0 0.02475613295057079d0
1.463733432102827d0 -0.676978261939742d0 -1.5669833722228517d0 -1.7188286033528652d0 -0.22771486056653556d0
0.263049488386976d0 -1.04352185458703d0 -1.4545571274250158d0 -1.430434187002487d0 0.07521549782033563d0
1.2714230265840267d0 0.3680788027610839d0 -1.7992316483513147d0 -1.1096518659086665d0 0.6316935726084828d0
-0.5653075714586433d0 -0.02554459696369491d0 -1.6671902950478874d0 -1.5220152539199425d0 0.26885202666416363d0
1.086469873549757d0 -0.45930733856164135d0 -1.342961691817676d0 -1.6618025576860445d0 0.05724374117227299d0
-0.9474003893720209d0 0.1292992900041679d0 -1.9421085814306378d0 -1.4880885353707012d0 0.6658877706718815d0
-0.3595615192368548d0 0.8867994291192988d0 -1.5728162453420869d0 -1.5085745485179443d0 0.31002128566080456d0
1.4355783153055572d0 -0.3579916664481426d0 -1.2476092657481244d0 -1.547177134642016d0 -0.05410690414301758d0
-1.2014114487160192d0 0.74861376155379d0 -1.4011584167859874d0 -1.4890117131032787d0 0.256852612303929d0
-0.758648497683771d0 0.7113386292357974d0 -1.8445541573995998d0 -0.6070016786480925d0 0.3138207800182321d0
-2.040764614417573d0 0.06901963989652247d0 -1.1845227343696112d0 -1.7334567609855223d0 0.30683002305094864d0
0.5576244107368802d0 -1.1769254608387199d0 -1.340325128466139d0 -1.0442254353386877d0 0.031133355461337733d0
-1.66461148730171d0 -0.14666677597561018d0 -1.478785149050511d0 -1.166552572909386d0 0.022837762911041504d0
-1.276047675096213d0 -1.6406785877317107d0 -0.7098591275445526d0 -1.1290735459928491d0 -0.4053325640025772d0
0.5561336815677599d0 0.5286414642012204d0 -1.657600515758559d0 -0.9235597214687556d0 0.5207666523309836d0
2.26907911910637d0 -0.4689695674303806d0 -1.0461451455872988d0 -1.0737863453975622d0 0.6642502121666296d0
0.5301668519456262d0 -1.1284672205370407d0 -1.4127687106494016d0 -1.0506912820355592d0 0.15946649315291134d0
0.3433640716475671d0 0.876353772195329d0 -2.2902617184124816d0 -1.650795722598661d0 -0.18689769939672543d0
-1.3971582395690685d0 -1.3383804196788833d0 -1.3894930681415774d0 -1.8043360640102986d0 -0.36523960452764803d0
0.19948794856280944d0 0.7518581404218985d0 -2.04911324303412d0 -1.1219468136022044d0 0.02602512640967078d0
2.4515644047504614d0 -0.25784584503476893d0 -1.2640526161737429d0 -1.7416165914280552d0 0.13481415812163844d0
-0.19108950728710555d0 -2.7180950959688817d0 -0.9666167291613024d0 -1.3053981652509474d0 -0.8134101815512764d0
-0.541475712277833d0 -0.2066612589061313d0 -1.5834590384431741d0 -0.937708480156911d0 0.681782078628275d0
3.3153907642813563d0 -0.9835899163146632d0 -0.7132621370331745d0 -1.9060533731078801d0 0.7874677351083992d0
0.47388458072864925d0 0.3700792776560256d0 -2.1568198137071883d0 -1.1682457909400292d0 -0.09820362767129953d0
-1.5108952313374768d0 -1.227287822831863d0 -0.7467977745256418d0 -1.4332722050832527d0 -0.07235468950348983d0
0.5310064155135977d0 0.8995129824556848d0 -2.0198331185141702d0 -1.357643821424716d0 -0.1775903161012559d0
-1.6390171674210607d0 -1.140918656819586d0 -0.8056032003847641d0 -1.5114568475221768d0 0.16068527077532216d0
0.6665527859145843d0 0.40416733181301207d0 -1.877912425320864d0 -1.0623783731382141d0 0.3597083571081684d0
1.7725367207412261d0 -0.5616234328968156d0 -0.9974281055722125d0 -1.8115839736964034d0 0.5959230319877401d0
-1.3090450503772222d0 -1.5538418937641867d0 -0.8615851407290193d0 -1.3314271543641008d0 0.5943368427238368d0
1.381306616465547d0 -0.5705390554839347d0 -1.776367952000936d0 -1.0795485653440944d0 0.6597176525858269d0
0.6989855013801163d0 -0.5220804535485802d0 -1.3027358872632897d0 -1.7946156150634764d0 -0.07813530811552424d0
-0.47106363406243895d0 0.4511473963704833d0 -1.1644166977590902d0 -1.221941167515474d0 0.3541289213647907d0
0.8196811772697593d0 -0.35796429605574825d0 -1.6918969996662994d0 -1.683575355982336d0 0.40112179235609563d0
0.25866581864027505d0 -0.03928889125019731d0 -1.635835062900572d0 -0.5341674027907863d0 -0.055591644332199985d0
-0.4382676421410418d0 -0.47259641547821973d0 -1.0765623592203104d0 -1.980531989943416d0 0.1391097191834523d0
0.3658217622429192d0 1.1062351758245605d0 -2.0263172737873423d0 -1.636017640720837d0 0.15819555933313947d0
0.7028243876135704d0 0.4276828719071063d0 -2.148732535810435d0 -1.6400571697406257d0 0.4963264713007768d0
-0.10542129435869174d0 -1.2094675989574457d0 -0.897780622694019d0 -1.4442532087662723d0 -0.3281868853421252d0
-0.7869115703771539d0 -0.4552521996837629d0 -1.7764504141554323d0 -1.6412546192416608d0 1.0078960038320919d0
0.8857828945447166d0 -0.19162275589793254d0 -1.7979706528958947d0 -1.2114227011375174d0 0.49993211387132463d0
1.5977797311377986d0 -0.36555091241025933d0 -1.9041437715453657d0 -1.7950505643445247d0 0.44800330501094077d0
0.6892690947128429d0 2.3213285488726645d0 -2.27110915092161d0 -1.599773644791345d0 0.027057338580448453d0
-0.4275476871608309d0 0.13756280972127724d0 -1.904109518264415d0 -0.9069932796383796d0 0.6621649387349983d0
-1.1338800514597314d0 0.8554439250308017d0 -2.01468651381457d0 -1.5355742889486095d0 0.3788958966845392d0
0.16793743311064027d0 -0.12637333582857435d0 -2.232052680300105d0 -0.6424606916276488d0 0.18245034571146945d0
-1.0898768795023115d0 -0.21001712454089694d0 -1.8974888873048879d0 -1.52066112455171d0 0.17631935832397647d0
-1.5429075602918723d0 0.7331620276069446d0 -2.051340393745572d0 -1.1903450914624933d0 0.3460390340294983d0
1.0175922419995613d0 0.6016644154277587d0 -2.2929497304759723d0 -0.8115069659418801d0 0.23829451778465455d0
-0.4242361477884813d0 -0.9001891449932111d0 -1.5432389609874346d0 -1.3262989735673325d0 0.24883491164892763d0
-0.7652433914935036d0 0.5651164958671548d0 -1.9650002457271363d0 -1.227927364966923d0 0.4023651709166436d0
0.4490831637854793d0 -0.8623435685818994d0 -1.8501715145774904d0 -1.3689352732572362d0 0.30345040896821457d0
1.7168628129702586d0 -1.1242641164403748d0 -1.5197723078785552d0 -1.331241437459915d0 0.5945330689823733d0
0.7727544899204678d0 1.0495241739788344d0 -1.9715337881289958d0 -1.4816067328309184d0 0.1461195144272202d0
0.34653015567165235d0 -0.8528433082205281d0 -1.5575462934485602d0 -1.7825397983900468d0 0.01428147385978712d0
-0.48287196963560125d0 0.43899245042402396d0 -1.8680960143137633d0 -1.8607436560560977d0 0.5947009792028479d0
-0.4478784863743144d0 0.05343230477700005d0 -1.694571032211661d0 -0.8101386930017576d0 0.018649250840541365d0
0.6103426889915594d0 1.1991092860766397d0 -1.8132018084166939d0 -1.1741087502128815d0 -0.1991461832363546d0
0.19301094296038418d0 -1.5341565925104967d0 -1.4271658247309094d0 -1.2853973987701854d0 -0.08304197479288893d0
-0.35700765683593433d0 -0.24594308213346477d0 -2.1984550102863043d0 -1.1432852398672526d0 1.0200195839940585d-4
2.644188850456553d0 0.10792283645888454d0 -1.6629625862733521d0 -1.29969841764668d0 -0.006598368514197095d0
1.0291950125856353d0 -1.3695539409019852d0 -1.0938990163560465d0 -1.453183062138844d0 0.050430417983796855d0
-1.5926926229668663d0 0.3310442506747026d0 -1.6593261970510658d0 -1.3744951170694946d0 0.3045353608957017d0
0.4012080385705348d0 0.33435000374870755d0 -2.2260479401241877d0 -1.8217060519987351d0 0.013715663465287131d0
1.2795969828047453d0 0.023846757141043833d0 -1.3779425729572776d0 -1.0136918826675954d0 -0.11051917334421515d0
1.996841774348385d0 -1.0222128303885938d0 -1.4185649933304365d0 -1.4287663616687813d0 0.5196706351211196d0
0.2523479391673748d0 -0.06678093574973194d0 -2.0317603954170744d0 -1.4523113315984546d0 0.3487221373947296d0
1.2674223846233155d0 0.4353346606233854d0 -2.0443209386890935d0 -1.6745821067553d0 0.36829900448454256d0
0.14270091340633786d0 0.07320431243868526d0 -1.864613552126246d0 -1.3258061202369285d0 0.40949682589196745d0
-1.5769557837943016d0 0.5823241053899901d0 -1.6738287936776077d0 -1.5877556764199716d0 0.6719045124358087d0
-0.0564150854379053d0 0.01368312028962702d0 -1.9142939363720135d0 -1.3980858606946087d0 0.15364583629146855d0
-1.1701046596988742d0 0.10319115764430034d0 -1.6501987864323049d0 -1.3421098697941463d0 0.6517362272300089d0
-0.45874584272969005d0 -1.4298002058580674d0 -0.6405790935356226d0 -1.896774726623805d0 0.4409641773570474d0
-0.674204391061592d0 -0.0441421442562335d0 -1.6310726151444868d0 -1.5901393585169035d0 0.5353433561156539d0
-2.0139371715715244d0 1.0258660338113623d0 -1.2113279561831771d0 -2.1186267513190646d0 -0.03676324836851125d0
1.276184488560065d0 0.7636452890260058d0 -2.0050494048043728d0 -0.984293539751334d0 0.9427513756305094d0
1.0625808531177483d0 0.33484402814302716d0 -2.2972832050918286d0 -1.6606341717767579d0 0.10527818678875014d0
0.3776477068343127d0 -1.0679282186391976d0 -1.6580185118357953d0 -0.9674826104742835d0 0.7411767877614666d0
1.3167329885145114d0 0.8843401380744197d0 -2.0990606256588604d0 -1.3904767742765416d0 0.13357419443815863d0
-1.6014235369861933d0 -0.19613972496992915d0 -0.6532734230034134d0 -1.5644478559732091d0 0.062388991391224474d0
1.472676346931545d0 -0.808253277353722d0 -1.4233010621172177d0 -1.5308035799744415d0 0.32025662825848594d0
-0.9168120523181172d0 -0.6873555874727348d0 -1.2417801699305249d0 -1.64125202564445d0 0.197750464431039d0
0.19469679821326372d0 0.6498360148704653d0 -2.3407891908818863d0 -0.48831073218580534d0 0.3544762691833684d0
-0.28605089847848564d0 1.1037074897637935d0 -2.4591037631833164d0 -0.8465988390313182d0 -0.05969116316072942d0
-0.7081851570517873d0 0.6767088364494495d0 -2.3981011633226252d0 -1.0540578900284774d0 0.05286157941462019d0
-0.7571029618225689d0 0.3505201088361993d0 -1.2176196562286659d0 -1.6911739602180804d0 -0.05657142448833845d0
0.052458553199518435d0 -1.3845471457474718d0 -0.7635792574090886d0 -1.5474120807800824d0 0.0033428046534987876d0
-2.5423133271471348d0 -0.4339759138804453d0 -0.8462833884541574d0 -1.751170957699967d0 0.1956980030147933d0
0.4412150184928891d0 -1.4236945406709312d0 -1.4515570892899312d0 -1.4702755634398466d0 0.06069988606364117d0
-2.367563503262042d0 -0.42767136089859414d0 -1.1415294472083592d0 -1.4734155813203882d0 0.5048181649945498d0
-0.650107092062438d0 0.4011960219128762d0 -2.408964212696725d0 -1.0886615461749238d0 0.34491691389715395d0
0.8328356709901098d0 0.16385158903906447d0 -2.0867705929356575d0 -1.819796221766617d0 0.21643079354280087d0
-0.29805285231613454d0 1.782914781042866d0 -2.2226305996930744d0 -1.4723101180567773d0 -0.2643628136796045d0
0.07463685451882554d0 -0.6235593941030737d0 -1.358914923469415d0 -1.6045368691789361d0 0.09130998935251482d0
-0.25280356920879277d0 0.0836335282083335d0 -1.933859221172038d0 -1.773105932477251d0 0.835848042904906d0
-0.2358175668537939d0 -0.743790961112027d0 -1.5338622781260536d0 -1.407091219828391d0 0.24085638859535496d0
1.3460742510861805d0 -0.1786768520582399d0 -1.2234926747143808d0 -1.8283986539533505d0 0.2227143992056825d0
-2.9261846178799336d0 0.31162650287219934d0 -1.5134429599862895d0 -0.7279542454965798d0 -0.0459831747509154d0
-0.7812467955911532d0 0.4530030002935728d0 -1.5831067970389034d0 -1.4561240505986803d0 0.7769177974596189d0
0.952818107559325d0 -1.4798185397591042d0 -1.3474768637663175d0 -1.1297321745261844d0 -0.20692623420717798d0
-1.4462145830280617d0 1.066162979626385d0 -1.960898779029105d0 -1.152059058749659d0 -0.2407130617933041d0
-1.1489215539838953d0 0.14186560358964184d0 -1.1068223194780744d0 -2.0735534434818046d0 1.0591308484010762d0
-0.4370731288242472d0 0.02846242218421894d0 -1.2215080712435484d0 -1.6413495282880057d0 0.23500259701500595d0
0.3191122208977467d0 1.5821836118423644d0 -2.1366490828387628d0 -1.18679273150556d0 -0.2998721149714477d0
1.2155897032442606d0 -0.8029521761221513d0 -1.5408407972325255d0 -1.838597692648786d0 0.257088915214954d0
1.0442904061780627d0 -1.018647256677896d0 -1.4365790502506761d0 -1.5030328646798186d0 0.18662136945020813d0
-0.537043983451507d0 0.284714467321826d0 -2.1356923948748836d0 -0.9298992794285772d0 0.39486030104342784d0
-0.43177113938710254d0 1.2132847350007228d0 -1.8755408224020065d0 -0.748372949612823d0 0.8503773637288123d0
-1.9364487372596149d0 1.8450689942945138d0 -1.9595674734378796d0 -1.0836305126908685d0 0.7759789315311713d0
0.6223012346702032d0 0.8802321266465277d0 -1.8648809304230551d0 -1.363572295312302d0 0.3451871542438623d0
-1.0618797206517587d0 0.8441791818233124d0 -1.8404071421870387d0 -1.5686142476424532d0 -0.0032990359686767556d0
-1.5430173915065204d0 -1.1531433165661749d0 -0.5651324116635035d0 -1.0201266278000187d0 0.46767553903231157d0
0.6425965622159302d0 0.9435697365040311d0 -2.4591290564933654d0 -0.42065047239393916d0 0.3714291057638755d0
0.4021360552276382d0 -0.770050833556362d0 -1.3789086059106332d0 -2.013172867930624d0 0.28870797203272547d0
0.6697118261927136d0 -0.20217580591692177d0 -1.9091034083751173d0 -1.0711567747089048d0 0.5761871873175235d0
-0.17753824076569286d0 -1.1030907408128827d0 -1.0202486287720736d0 -1.103431399876498d0 0.8671335777537332d0
0.7353648956823073d0 0.16232451294810765d0 -2.383766436083352d0 -0.757283731283245d0 -0.18065518974433542d0
1.365544151737901d0 1.4073228518474012d0 -1.9486389906647894d0 -1.1946653957255213d0 0.3077329958044282d0
0.6825622917923625d0 -0.5978619495917934d0 -1.4248174862983454d0 -1.2979829037139603d0 -0.14615894918737754d0
-1.959208848665612d0 2.4459022799179944d0 -1.5379199993235186d0 -1.1557880676212542d0 -0.4719184579411637d0
-0.15910070099502835d0 0.989041150922798d0 -1.9931117368934224d0 -0.7035040467980903d0 0.37559124132963245d0
-1.529912706533075d0 -0.06584175350299333d0 -1.6989887206617877d0 -1.2591817916182144d0 -0.13134233600226525d0
-0.784967963117193d0 -1.1912660359547314d0 -1.4594346615613263d0 -1.3227583215649135d0 0.15362578046775927d0
0.7642594587117063d0 1.8629534600283921d0 -1.9320244657674353d0 -0.8637643826282164d0 -0.535672259025377d0
0.5083825918869416d0 -0.6397521433839428d0 -1.9286841075223786d0 -1.4427197447361884d0 0.3828342548087031d0
0.9118806091022629d0 -0.7485320797656948d0 -1.709481838280329d0 -0.9157772793313141d0 0.2721720218980933d0
0.3922688481704309d0 -0.14318851540672836d0 -1.52191272656179d0 -1.409796454705285d0 -0.20578250835929035d0
-0.2670493292432606d0 -0.7034292092280885d0 -1.2724092229066815d0 -1.6617452055499067d0 0.00706562010684339d0
0.8704215876228399d0 0.2877666280489723d0 -2.2162421552812615d0 -1.1566385139736992d0 8.023224460806389d-4
-1.0078054225823219d0 0.05208361846185967d0 -0.9296439964611801d0 -1.4595843501247918d0 0.07406076080636359d0
1.719037962733087d0 2.3077921092440694d0 -2.124965335643739d0 -1.2980706025593463d0 -0.8997528368578189d0
-0.9492850742674862d0 -0.5573249213715835d0 -1.48793420917305d0 -1.6024939464357608d0 -0.2024007616094627d0
-1.0002557316525822d0 -1.4275007786374139d0 -1.359518559936338d0 -1.7280275210778384d0 -0.52608155571328d0
0.1005373446308552d0 0.14454948160224695d0 -1.8730067941953468d0 -1.3554320248639173d0 0.7196728999147025d0
-1.3540336556503838d0 -0.349384100808483d0 -0.7250736651820456d0 -1.4626242168425676d0 0.5188072376928186d0
0.09709953571138599d0 -0.5937374949167049d0 -1.3755495414432672d0 -1.4181106698408712d0 0.057614130047061535d0
0.11060954553792185d0 0.938924534350533d0 -2.1187695714313564d0 -1.3070850159816356d0 0.13781299750724404d0
-1.0109917604236176d0 -0.6922909281479079d0 -0.8924472716926704d0 -1.808977016984113d0 -0.03948639472866783d0
-0.7781448035815518d0 -0.843122068539808d0 -1.4738406770205787d0 -1.4577653802512407d0 -0.37079003787543297d0
0.5033039841783864d0 0.19480946374550742d0 -2.1062169411449965d0 -1.5026202366393857d0 0.15801905273130643d0
0.00809790574136169d0 0.5295077601162478d0 -2.2810049340967433d0 -1.2268254769203915d0 -0.08627017787381688d0
-0.7517201303002782d0 0.4532271700903179d0 -1.8429112935329415d0 -1.109444803443844d0 0.41788095512827844d0
0.5975543470990711d0 -0.030355096958941865d0 -1.9749691275116579d0 -1.6414832769684509d0 0.7225462580244231d0
2.376133744377483d0 -0.04769989877274858d0 -0.7569624155516952d0 -1.777348099263441d0 -0.17253601533551555d0
0.7757198049802538d0 -0.44620588482388795d0 -1.5512920028309887d0 -1.524107844052142d0 0.46398175285476173d0
-1.580128082743026d0 0.4783988223398827d0 -1.5120599622984825d0 -1.7132289394662088d0 1.0780298000381063d0
-0.9443150755771893d0 -1.688470566831126d0 -1.7231974120091027d0 -0.9134146400292595d0 0.05244222391687364d0
1.349204694599309d0 -0.4774071948773502d0 -2.064807835135562d0 -1.4515246401738289d0 0.5087308515618864d0
1.4398270121841485d0 0.03725273998600499d0 -1.1555922120550235d0 -1.9896801920717566d0 -0.19767416322155557d0
2.1227430593264565d0 1.118048956764456d0 -2.3120248175714013d0 -1.2387334945933866d0 0.3676307370556569d0
-1.5536166319160973d0 -0.10952827355715278d0 -1.0941428956777446d0 -2.3927185003175664d0 -0.17224550107373257d0
1.3555953887732863d0 -1.6279265469892796d0 -1.0589960420012121d0 -1.983336482400583d0 0.1667049031949733d0
-0.5863248920458985d0 -0.45935063674362214d0 -2.2352149216345687d0 -0.9646349078823699d0 0.6928846183825771d0
-0.47623751807431663d0 0.042680494553333684d0 -1.5916662571793505d0 -1.8415498665526866d0 -0.008378386111165703d0
0.9337943663548449d0 1.1176576585568443d0 -1.6794707939105478d0 -1.6029041588937276d0 0.4711887306243537d0
0.013170200400752877d0 0.3273373915048728d0 -1.4642154126542595d0 -1.1441811277558709d0 -0.3766595024323395d0
-1.7425989223599572d0 -0.8249725662538278d0 -0.8395920570356723d0 -1.2965697914030065d0 -0.06989056145340783d0
0.2761009049199596d0 -0.8647008327913935d0 -1.5462802989922395d0 -1.0812524848891405d0 0.7372204129103472d0
-0.4638175295616766d0 0.38861224274188966d0 -1.8978899146020443d0 -1.3411600762620997d0 0.32209076987201846d0
-2.2570783914471235d0 -0.06590839973858849d0 -1.2509207957193549d0 -1.3554365154332957d0 0.22809884086263132d0
-3.651860018418473d0 0.16002255691861045d0 0.04410771647512768d0 -2.2487685012188354d0 -0.32423463344733255d0
-0.5306592190684413d0 -1.6164279865257865d0 -1.1435074319622347d0 -1.3380304384908677d0 0.011141861256517258d0
-1.4556513698092415d0 -0.610367533660721d0 -1.1268381970988093d0 -1.4390593184960756d0 0.19389296905737896d0
-1.7611743720923785d0 -0.12465912879080361d0 -1.3403955085308363d0 -1.7141447261015998d0 0.0884709832568756d0
0.13591271100566166d0 -0.27578017892157575d0 -1.858080506010774d0 -1.1195115897963803d0 0.9814753021395989d0
-0.49187720596078055d0 -0.3649935049907837d0 -1.6076888674408514d0 -1.1272349559096142d0 -0.34462605996297146d0
