1.8991718573065353d0 -1.144049693074374d0 0.14712242477505125d0 -0.18029444616290854d0 1.0980027131835017d0
0.3069621300740059d0 0.5404413535532869d0 0.3364566537196193d0 -0.2749814492786069d0 1.0911666619253926d0
-0.5111606279898662d0 -1.4823067358539614d0 -0.14237249744671487d0 -0.531095617123372d0 0.6087746050190843d0
-0.1585276868639882d0 1.2158236329128882d0 -0.13070250002155953d0 -0.13753083702284233d0 0.9350327559448489d0
0.6607057257259896d0 -0.3875939829840215d0 0.22749578200497567d0 -0.007712152936744543d0 1.1451695551738443d0
1.2960220818745372d0 -0.32826993629062573d0 0.02467579846352888d0 0.48244089659390293d0 1.0282604626849965d0
2.861065336375304d0 0.06800939909049938d0 0.6695607412664929d0 -0.6438663109533997d0 0.497955421678371d0
1.6588276226573067d0 0.4292679879652207d0 -0.3118300328417592d0 -0.2946715032933289d0 0.9586171783425006d0
-0.5787198951209578d0 -1.144531811651695d0 -0.25741042220685906d0 -0.7957884717850531d0 0.8557457125049098d0
1.2978112327527072d0 -1.0379156686147408d0 0.816058540709043d0 -0.5190428107844449d0 0.49019528996393336d0
0.7893684191596456d0 0.7394812168827859d0 0.08113273784849803d0 -0.6546950164038207d0 0.9357919562904281d0
0.059525699310604085d0 1.0133045238735723d0 -0.03165218228921049d0 -0.4622155288840727d0 0.6487806360946284d0
-0.4850853173538998d0 -0.5539345271506829d0 0.1275897699478435d0 0.055844798893477765d0 1.0144115728558831d0
0.06593085022772077d0 -0.03148103069331618d0 0.36194612557348116d0 -0.4888070255518283d0 0.5457258574182118d0
-0.11966079740534491d0 0.761359439754454d0 0.011090025514638833d0 -0.5129467369405323d0 0.8459920804886405d0
-0.44035376977736806d0 -1.482309265749066d0 0.2367529639303892d0 0.26336813535352227d0 0.7679139406295373d0
-1.2501721072759087d0 0.7421830628295304d0 0.05974221475930051d0 0.16729874990027593d0 0.8809783899536208d0
1.0363509158623987d0 -0.5924155166082509d0 0.2402675581528563d0 0.07183838517245617d0 1.6556352171912796d0
0.8549363888055711d0 -0.9368677522751985d0 -0.2961761678070932d0 -0.4548277143316066d0 0.5413386634479893d0
-0.25031364788284105d0 2.4805981427956385d0 -0.10306198055777538d0 -0.9390055126661936d0 0.7866559100721843d0
-0.28023716136977334d0 0.12360222081905489d0 -0.4207134708862915d0 -0.06985587306687743d0 -0.05387853739072501d0
-0.4695186353125698d0 0.7118920907531003d0 -0.18643032821840086d0 0.26768282693805934d0 1.4186223626071548d0
-0.24138825175930928d0 0.3464070281621465d0 0.4610497688819554d0 -0.3242467314195087d0 0.623473206497465d0
-2.557479509736869d0 0.338915674987636d0 -0.18430069910802804d0 -0.56218658229048d0 0.7147157764435669d0
0.6759753808847705d0 0.19242797958973212d0 0.45875534256153405d0 -0.11568722034717116d0 0.8530564961021209d0
-0.5014411126583008d0 -1.1517630202814542d0 0.2079884213879713d0 -0.15636606079463167d0 1.1295275283323434d0
-0.7662588388191561d0 0.1199926503315962d0 -0.37025030683272825d0 -0.12359676681188908d0 0.6264345515987978d0
0.05978538409241893d0 -1.173666279802572d0 -0.03987760849042317d0 -0.3842609715960112d0 0.9187514413213809d0
1.2477584819266487d0 1.1163815338505636d0 0.20005025618047906d0 -0.4890784794072921d0 0.5065476541102604d0
0.17402955230450243d0 0.1739333644445067d0 0.3646027735210082d0 -0.499196127471375d0 1.1139465351336981d0
2.7167299690975226d0 -0.44155951433628354d0 0.42070730903419323d0 -0.8075951151709095d0 0.5350216192525261d0
-1.1824827457491944d0 0.25139782758876883d0 -0.4261984282588496d0 -0.5871542054873722d0 1.2838186585098341d0
-0.04069484766079485d0 0.8202143440595808d0 -0.2758255103118333d0 -0.25945646113642556d0 0.566277217230869d0
-0.15733889447850719d0 -0.8846799691811035d0 0.02725499139961551d0 -0.06872707075660248d0 1.2443269020099925d0
-0.749961439799611d0 -2.353025095287338d0 0.2922281704022653d0 -0.4270323380698342d0 1.0220997940899985d0
-0.3683179933983491d0 1.3407943600254477d0 -0.6698075501013213d0 -1.075456356155084d0 1.0312451949601096d0
-1.3383102808087246d0 0.2667286455155737d0 -0.6098860275828784d0 -0.38651535026535744d0 0.5426610088744095d0
-1.0521602175209344d0 -1.4665824864302308d0 -0.05802958127042013d0 0.14254020945921447d0 1.0905634003223996d0
-0.8492470406107812d0 -0.02253332574842217d0 -0.22078001397919922d0 -0.25501022292169534d0 0.40132102674089415d0
-1.739469397267329d0 0.620738683392302d0 -0.5056119276110282d0 -0.48120836559977276d0 0.8952637575726792d0
0.9915142876743637d0 1.3802121260129734d0 0.3838919968289272d0 -0.3861471895816428d0 0.9879774085146967d0
1.6927099049559884d0 0.6732496540465819d0 0.18675440614440528d0 -0.0023086190593725187d0 1.0671882934041912d0
-2.7006799468473144d0 -1.0914509969615234d0 -1.0527950168601063d0 -0.6821605074756563d0 -0.2174535550749842d0
-0.5207463797683625d0 0.2529913397188017d0 -0.14541642929165424d0 -0.7662440946194217d0 0.8074743301228183d0
0.832578875796019d0 -0.6490148095784025d0 0.3276524135526031d0 -0.5208579154256118d0 1.1911771159815319d0
-1.4464211341109785d0 -0.4549061823853015d0 -0.2808696893021101d0 -0.09181588947089159d0 0.643531871720228d0
-0.13523623510234256d0 -0.649053356881708d0 -0.18065165737181957d0 -0.6716118072976456d0 0.6822153265458674d0
-0.8857295577713268d0 -0.6688814283785612d0 0.005789083159325026d0 -0.0793657183056703d0 1.4027456051369842d0
-0.06789936401739424d0 -0.06128599671465337d0 0.5985682242131436d0 -0.41981334025889205d0 0.5515606117525692d0
-0.27960525883538495d0 0.34353072727589723d0 0.015770299150691496d0 -0.6186649514823552d0 0.7898414169072153d0
2.165729640226288d0 -0.2648088442430096d0 0.6175748371855612d0 -0.46845825187834733d0 0.7496363693974477d0
-1.4407696269694579d0 1.2133189452858124d0 -0.646649338281466d0 -0.9113056725304294d0 0.48891689118704945d0
-0.9709766547197234d0 0.6245747008364668d0 -0.0925757345886794d0 -0.5932976447772783d0 0.6101460578993922d0
0.9008024028800243d0 1.0157255402201222d0 0.1994675805030137d0 -0.21562897742112228d0 1.151060033749061d0
1.2752217083745536d0 -0.9116343377270328d0 -0.2820877236839542d0 -0.7473968016087823d0 1.0813749023244148d0
-0.8499882038315635d0 -2.000846662912059d0 -0.609165291913861d0 -0.323894210713184d0 0.6406204438814477d0
-1.0538528989056841d0 -1.1168920130653486d0 -0.39662338859110785d0 -0.4567077808309419d0 0.639956030903704d0
-0.22236062116812913d0 -0.6343904950278564d0 0.07853459797340107d0 -0.4689409967390703d0 0.891619034064581d0
1.2534343342269496d0 0.3205111866488038d0 -0.1108393256662884d0 -0.2934085794188128d0 0.6422439472080431d0
-0.8350298264711873d0 0.6391922435414681d0 -0.23977712854908229d0 -0.053640239398445255d0 1.148201242573033d0
0.24164627496107627d0 2.0438788724847843d0 -0.11122309512241527d0 -0.07137585517249773d0 0.6035109761038815d0
1.417228918805552d0 -0.8713271749419748d0 -0.0293831784153456d0 -0.527133227481225d0 0.5798444501384867d0
-2.3466400308838375d0 0.4596313278768157d0 -0.6086732163571476d0 -0.2571783707144031d0 1.1533847532699995d0
-0.4265394132370971d0 0.49746053779437266d0 -0.3622612508382128d0 -0.18229585105320834d0 0.984891001595014d0
3.1320664337960205d0 0.5234295054383028d0 0.4109510644312558d0 -0.5957351930981585d0 1.0438226841343372d0
0.42612930363747403d0 0.7997724379357304d0 -0.17240008989674965d0 -0.10355416771805781d0 0.5652487503932634d0
-1.58527218942712d0 -1.4960832912192816d0 -0.4629848972155355d0 -0.8003169246110924d0 0.5416253072013759d0
-2.2326574401467036d0 0.5116392861562513d0 -0.9268407954998379d0 -0.9858342138302603d0 0.7883180207469653d0
-0.37061153443734485d0 0.5137533464151735d0 -0.11062797851843019d0 0.021573915205084282d0 0.7075512751602607d0
-0.5198535810924739d0 -0.8470162441364886d0 -0.38782127974493713d0 -0.1451921369201885d0 0.6653617275854076d0
1.9299316241942621d0 -1.3714007262362957d0 0.31563454988577244d0 -0.4559051235380198d0 0.9971840264382911d0
0.12267746743855613d0 -0.22788166615108815d0 -0.5789710295366057d0 -1.0312098318741363d0 0.9182251954953402d0
-0.7290838608634934d0 -1.0102080003698175d0 -0.6912840998658706d0 -0.25688261726918715d0 0.46869683616928d0
0.18723469585578675d0 0.5284236448817429d0 0.03841174588046663d0 -0.7382775100145558d0 1.374734840100411d0
-2.3535255677316287d0 -0.5029923742737212d0 -0.29153843814873814d0 -0.40322208238032725d0 0.3809966557388327d0
0.48808978737759806d0 -0.056603611988528035d0 -0.07790788665287472d0 -0.40563407823139447d0 0.6623684320304013d0
1.6797944573204582d0 -1.223981080376965d0 0.6633043691387491d0 0.1911936448095724d0 -0.14114895899167823d0
0.9548685437912267d0 -0.8007428167266475d0 0.8173233411926613d0 -0.41949316641832834d0 0.5868683285917158d0
0.3660981737177626d0 0.5258575015977534d0 -0.02358668763491298d0 -0.58535170095444d0 0.18072797911974903d0
1.9967965357281083d0 -2.940615878714846d0 0.40537124288578563d0 0.010871725976474178d0 0.5833001008974912d0
-2.21930477139647d0 -1.3116293544768232d0 -1.0863843085306897d0 -0.5574614586323815d0 0.5351164009821282d0
1.4037132761446065d0 -0.22630413039424532d0 0.2479341338753538d0 -0.36194710065624647d0 1.264758856320164d0
-0.4078403654466618d0 1.1591359180140197d0 -0.19643597342969066d0 -0.6775611160804915d0 1.0838363210471362d0
-0.598581956714261d0 -0.10980920472180519d0 -0.5419133712594673d0 -0.5102879375556897d0 0.5010558350041912d0
-2.72965523984327d0 -0.42366124192860116d0 -0.6692715613030037d0 -0.7147425686208675d0 0.7452916045306923d0
-1.4417644897853648d0 0.9172135072765146d0 -0.47596173851960544d0 -0.2741508338804657d0 1.322230344631189d0
-0.6394151020819632d0 0.9979652818293054d0 -0.16798055333944073d0 -0.16656788661132774d0 0.4913160677356821d0
-0.6987450864251982d0 0.8263896256893872d0 -0.4165010652091008d0 -0.47948127263201074d0 0.18670449379438359d0
1.0993836620102733d0 1.1994830675614725d0 -0.015484750735394459d0 -0.08534473314806579d0 0.773740568911031d0
-1.3221028694107455d0 1.0386464401745126d0 -0.47535612420946294d0 -0.7215049573432828d0 0.7393152445245675d0
-0.7019375653108711d0 -1.0108690874510848d0 -0.21030754193776685d0 -0.5041018763030111d0 0.8239601687377391d0
0.6765766155729737d0 -0.8440189044875781d0 0.52711466862986d0 -0.25758564221208363d0 0.503508095926654d0
-0.8589813462623216d0 0.22938213637634441d0 -0.10434875615019634d0 -0.4090284402873409d0 0.6081867632195401d0
1.1881343879330266d0 -0.12959152185964787d0 0.5988592712185323d0 -0.7390389951870058d0 0.2599756584852943d0
-2.2061673777338533d0 -0.8663372440677591d0 -0.746092832418233d0 -0.8314323859018984d0 0.628507164140881d0
1.4856046913130982d0 0.31699367013449636d0 -0.06026459373149273d0 -0.9753845257906896d0 0.9859889099615105d0
-0.7245288718582242d0 -0.6473878120335331d0 -0.1707995097038062d0 0.35967730782718654d0 0.9309913448505371d0
-1.131869527905098d0 0.10311811250254975d0 -0.27806595828469316d0 -0.6789534383039171d0 1.1983036327054049d0
-1.2590130365828363d0 0.4676697230190413d0 -0.232958142491328d0 -0.34509088061402027d0 1.2554718896884898d0
1.229794707423622d0 0.129472120755286d0 0.2235268842899564d0 -0.3471734217406598d0 1.502306748448477d0
2.53568164231123d0 0.31585758153154503d0 0.5277922492426306d0 -0.3765933880572807d0 0.44461262490735204d0
-0.8075298630179731d0 0.42854563828613107d0 0.2930884523762882d0 -0.005394014783965118d0 0.872310282700489d0
-2.099651554307049d0 -1.295383261856273d0 -0.22492182462627602d0 0.19497984739590468d0 0.4236815207827496d0
1.0063626585593946d0 2.006279854754719d0 -0.4775253391958145d0 -0.42042315149947795d0 0.46495764910562376d0
1.0664400600259019d0 -0.43081506994751145d0 0.31422292874344265d0 -0.2876127764323617d0 0.7558641271954308d0
2.1435248591314577d0 -0.18855504613438412d0 0.20545651496567696d0 0.19974400528365027d0 1.3839484458332123d0
-1.2959401797177807d0 -2.316279184696582d0 -0.3442138864993049d0 -0.25646478089473d0 0.8211482913008691d0
0.771501387927677d0 -0.03732183112353426d0 -0.0015591662779288196d0 -0.7575332670980189d0 0.47169447983269513d0
1.7191068599508608d0 0.48978426886913795d0 -0.41263017555890985d0 0.1253113209752727d0 0.8401411369467146d0
-2.409159150898248d0 0.8423832909016576d0 -1.1248345306368988d0 -0.9300565360496024d0 0.31920534270304113d0
0.22344564067495865d0 0.8023085766689281d0 -0.4870699140201195d0 -0.681350250215207d0 0.27462439091235324d0
0.8611356534658662d0 0.5110924820334933d0 -0.13046365959059986d0 -0.2052472368677305d0 1.0446830326585088d0
-1.2068124975035748d0 1.2816588064677654d0 -0.4234922332882245d0 -0.7799470290379631d0 0.3636641122030148d0
-0.666944897879063d0 0.42674571553082874d0 -0.2680718710100477d0 -0.1580491149560333d0 0.902617434448345d0
-2.6060001555706576d0 0.4324421978514485d0 -0.5489565600936583d0 -0.404112783311511d0 0.32995578427474687d0
2.403488222501113d0 -1.0449482249617625d0 0.1656930894990298d0 -0.3320199396354721d0 1.4481613581268797d0
2.271860413966666d0 -1.1946352731005765d0 -0.09232557313593176d0 -0.7803764764215283d0 1.2525266941921624d0
-1.2405424563616048d0 -0.6825185686743257d0 -0.5962380368815225d0 -0.5944590716564798d0 0.5182765560749344d0
0.5181458333966381d0 1.8592360760212387d0 -0.23347794538529038d0 -0.0445979637718511d0 -0.2527745600057547d0
1.4484066726484608d0 0.32332456813096005d0 -0.14755564830389942d0 0.08546875645821994d0 0.7769628330133145d0
1.5681656708966842d0 -1.3874580294807912d0 0.6994551733765173d0 -0.1504377391796778d0 0.41073416765293386d0
-0.19222363934218759d0 -0.4059532671567018d0 0.21639832078833304d0 -0.25023140679739864d0 1.2144834064296055d0
0.5918212549582446d0 -0.7277025467737978d0 0.3722650682235321d0 -0.3027264317872286d0 1.1324377543672357d0
-0.7887545119899266d0 -0.18497425015654367d0 -0.08885919326322334d0 -0.6941827179746363d0 1.4176107150223218d0
-1.266951905775057d0 -1.0102159216414586d0 -0.29692708376748034d0 -1.239615141341697d0 0.5766491468741017d0
-0.6875309688613034d0 0.30058099088821005d0 -0.07041745396212819d0 -0.3725925457098163d0 1.1725059874804389d0
1.0819073146287135d0 -0.1467714136206538d0 0.13841225251990014d0 -0.49395216762331673d0 1.027494231283436d0
0.4835401386154248d0 0.15502769441925898d0 -0.11085086391970371d0 0.1284546289279705d0 0.9322956347695924d0
-2.3134890896857403d0 0.7527118897146395d0 -0.7398514171231946d0 -0.01783551147486062d0 0.5880976996150831d0
0.7655455189802757d0 -0.619127430755875d0 0.6612612771949843d0 0.548937501655173d0 0.6390042456559456d0
1.115946633017918d0 0.3878530263804037d0 0.3822299214300357d0 -0.32284575342277805d0 0.7342015639002024d0
-0.5396707951905045d0 0.17416685760001105d0 -0.13006509253465529d0 -0.29222292570659975d0 1.053448621044835d0
-0.24868318622357957d0 -0.5703375263294036d0 -0.3198429470098958d0 -0.897371127035191d0 0.5214536887567376d0
-0.6738742965807927d0 -0.6684135877347405d0 -0.043995163933024564d0 -0.43017738017921914d0 0.9883788916549129d0
-0.7953485271138396d0 -0.36985098280026707d0 0.12083657939613679d0 -0.7945575717031943d0 1.4774984463472534d0
-0.75728066839166d0 1.584388962366151d0 -0.4591887424444624d0 -0.33251408210184097d0 0.8229352693315354d0
0.23701601881181614d0 -1.7040328485771896d0 0.22861288332675544d0 -0.007173872693919947d0 0.809220294128279d0
1.1322829747156316d0 -1.0560094420752184d0 -0.0054576707059416085d0 -0.2986214400762626d0 0.5403207942235839d0
1.6922362945939935d0 0.6304519673692833d0 0.65782217204688d0 -0.06194527333471464d0 0.6549597901491889d0
-0.5667526351755903d0 -0.3565998162024139d0 0.07062496790662721d0 -0.2466401743211982d0 1.095424056518729d0
-0.6951199125943966d0 -1.2271022355237708d0 0.2841241898742167d0 -0.6551769510478356d0 0.7873233238776083d0
0.7853402264708138d0 0.025183539889608576d0 0.3417773358175087d0 -0.09143318832629596d0 1.0287075999953148d0
-1.230212088797283d0 1.076650827254958d0 -0.0470632602419902d0 -0.12374617850200445d0 0.4233346555168001d0
1.1976498066096015d0 -0.28970278166847785d0 0.34540777335104894d0 -0.45738949390473504d0 0.7653301898968493d0
1.3996126715100723d0 -0.8980650745439752d0 0.9105892869483183d0 -0.03276231532403773d0 0.3103065109785774d0
-0.44640260951674665d0 -0.6557196201694662d0 0.1503901960547475d0 -0.46987289406974164d0 1.0704344201685683d0
-1.2001812684059479d0 1.1007943018406299d0 -0.12898593065803676d0 -0.2878733880361627d0 0.5214707327763546d0
0.29620991825710713d0 0.31857860771302615d0 -0.46318129536753166d0 -0.3094875828889807d0 1.4336328979719322d0
-0.866644831906537d0 -0.04162040365242836d0 -0.515200945741743d0 -0.13928085344419172d0 0.19604737691407226d0
-0.2181752987790253d0 -0.7793709598572963d0 0.5819695615288993d0 -0.41902102658159024d0 0.5561929973973273d0
-1.7896967325610524d0 -0.07503105385743905d0 -0.37898976373127147d0 -0.531215035990589d0 1.0530334249739297d0
1.296095557983424d0 -0.8592654466382014d0 0.3249264480623855d0 0.3455296158622838d0 0.7312633486193029d0
2.1254039301235848d0 -0.49828411448062615d0 0.3348601793899781d0 -0.5519987065713645d0 1.4724838959987359d0
0.3405565646564569d0 0.03481991974800871d0 -0.15878545656256945d0 -0.9638314477580997d0 0.8230341438653858d0
-1.3382442935538665d0 -0.4306378664426491d0 0.6892526550571308d0 -0.5922271609399528d0 0.2904556992466482d0
0.6496819979559928d0 0.07708096908925303d0 0.8647898411909168d0 0.25427999121405115d0 -0.3415028700245875d0
-1.2218030474694366d0 -1.2447905330907116d0 0.133673571979527d0 -0.618424118527267d0 1.0238456233884092d0
0.5820734999380233d0 -0.780925968965539d0 0.24205295802729032d0 -1.3486701408082584d0 1.2388970476589467d0
-0.7818880488070776d0 -1.6376500790785256d0 -0.4862814848741126d0 0.026511497347910473d0 1.0667005678921857d0
1.069737435653295d0 -0.46819156902130216d0 1.0591335850454944d0 0.17269478989456316d0 -0.8110478044183485d0
1.0431601111407984d0 -0.4986659615484834d0 -0.09881385989292157d0 -0.49239326353008495d0 1.0138056113186298d0
-1.2676421023012905d0 -0.07962839096136941d0 -0.04782645489686513d0 -0.05322278563296845d0 0.9433831302092122d0
-0.8671539848411163d0 0.015110542362152778d0 0.02692370397334995d0 -0.6747887692497514d0 1.6802896306855826d0
0.3835888141516653d0 0.06592477359092025d0 -0.03281547159036968d0 -1.006343751386305d0 1.0530570483179462d0
0.4231043082032229d0 -1.031478629386591d0 0.2701033380039052d0 -0.1880164880233658d0 1.076505611810758d0
-0.8880729795637305d0 -1.332441350494002d0 0.5539349828864729d0 -0.06537736569369712d0 0.7839242296380692d0
-0.5282553085360784d0 -0.45208673946256184d0 0.03691943103586925d0 -0.33164836006029663d0 0.9181882967342719d0
0.17027678882847436d0 -0.37036917924909946d0 0.08779224797683507d0 -0.606503253553166d0 1.0403486305724166d0
-1.7553116320253854d0 0.3584981203131992d0 -0.1635131874995352d0 -0.8286989821116142d0 0.9194115658722029d0
0.9287975856931269d0 1.595889757683412d0 -0.3929603097860553d0 -0.5765547698034592d0 0.6232287804221263d0
-0.5073090749840529d0 -0.5750959292107524d0 0.2017602754437351d0 -0.9765993165928069d0 1.211920996402915d0
1.3363961017267283d0 -0.6936944948224667d0 0.06742545858568025d0 -0.4243192800753617d0 1.0133260428620607d0
1.375244282337677d0 0.005732575219759884d0 0.3365499016468541d0 -0.6989899403818767d0 0.9900943811267326d0
-1.0962312698860799d0 -0.7252569727723542d0 -0.10057923610413766d0 -0.719880974659274d0 1.0338419033987007d0
-0.2094050405793234d0 0.37739145797747925d0 -0.34915333345236205d0 -0.6006757459128118d0 0.442992793808267d0
-1.357642372542577d0 -1.2098703324977083d0 -0.38053125871192234d0 -0.4882547906248821d0 0.4608003864152762d0
-0.8142080163740514d0 -0.6915932112355404d0 0.30166361499457406d0 -0.48828380524141113d0 1.3389430565227383d0
-0.5842320853377502d0 0.4476007936876117d0 -0.3929416889326881d0 -0.5961976895195624d0 0.555227572240335d0
2.661892488065557d0 -0.4917528193930551d0 0.6581522752400558d0 0.18725082290069692d0 0.6280024725263346d0
-1.548852433610793d0 2.501244220243765d0 -0.7634934928901308d0 -0.022334539827574607d0 0.5225005431639693d0
0.6748907003488546d0 0.47035294150077445d0 0.020250646956094895d0 -0.5290779409898473d0 0.5984251546858967d0
0.5423794003427007d0 -0.061653284291902574d0 0.2844261310200714d0 -0.6313401306501092d0 1.039732733419774d0
-1.067145144878723d0 -0.5894766499577451d0 0.23405428962048602d0 -0.3867992007596495d0 1.5872868091694186d0
1.3530940533026132d0 0.061224144872540034d0 0.5948671115343133d0 -0.8080029280943066d0 1.2655448827204383d0
1.0324249371949288d0 -0.6525820959876669d0 -0.11098471332555943d0 -0.785004408070543d0 0.6540451904583435d0
0.9889878278467245d0 1.4886341444577782d0 0.11807533402277659d0 -0.6943755888812015d0 1.1659779362402036d0
1.6064847429294318d0 1.9496673513902316d0 0.11627087121706822d0 -0.1965910861183d0 1.2895333406231142d0
-1.4409588624040661d0 0.6536779642733959d0 -0.5548711523307597d0 -1.6162372845670183d0 0.8088605062552277d0
1.3634551134849056d0 -0.9240213248467191d0 -0.07443567844348958d0 -0.30715739455889046d0 0.9969106275534787d0
-0.8746082643084402d0 -0.256107412253353d0 0.21795775114953533d0 -0.17136483965046553d0 1.7053911376332078d0
2.23967242618367d0 0.9017399408162561d0 -0.025401866781560173d0 -0.29030830022332843d0 0.5056058438606579d0
-0.706028154698366d0 -1.6727174684039736d0 -0.07367282584186755d0 0.3067584070590838d0 0.5012629706062661d0
-0.7069833444484925d0 1.4749343044922452d0 -0.6737888767954519d0 -0.5735296571995061d0 -0.5555793348549254d0
1.0165740966057517d0 -1.6983244325190823d0 0.2322749056607653d0 -0.1559693823510645d0 0.9949237668281627d0
2.420781141911162d0 -1.2042461040414827d0 0.4728312009367489d0 -0.2987579826138315d0 0.883689278060611d0
0.16928112469331982d0 -1.3151576206747153d0 0.659935601302152d0 -0.553460120782442d0 0.08947992882604161d0
1.3949064413623953d0 0.7672735131834252d0 0.524936102213918d0 -0.1188828166224429d0 1.0600287771009285d0
1.8521101841412608d0 -0.17628850142197905d0 1.040804249421627d0 -0.42108744566771716d0 0.5246876875232989d0
-1.9539478969562913d0 0.9886145316808159d0 -1.1755482510839177d0 -1.2193225927673295d0 0.4432596195062096d0
-2.171858489683988d0 0.04916388274114946d0 -0.9392337785490195d0 -0.783247108377884d0 0.6245126358220303d0
-1.5316261578725874d0 -1.564741204329102d0 -0.46766075388130846d0 -0.7307944782924346d0 0.5695221800703434d0
1.652881157355409d0 -0.027718597824541735d0 0.08477427144037664d0 -0.8800577442469653d0 0.38588198582061806d0
1.1551030046056086d0 -0.5081153342643536d0 0.7360683069302982d0 -0.5017987321399326d0 0.3843226359842606d0
-1.0434847277502113d0 -0.2649370456382813d0 -0.2868601387425335d0 -0.40229806814751434d0 0.7337023883538059d0
-0.7175641974181776d0 0.13923210848724546d0 0.00671627428061447d0 0.3795054323998704d0 1.292373132163271d0
-0.9090507367533325d0 1.8489004104532043d0 -0.33261726950280857d0 -0.45216447069901355d0 0.36749190480209687d0
0.6172993613032485d0 -0.04762782218178265d0 0.16723098049779248d0 -0.2870648818437265d0 0.8097352264993695d0
0.7668052135535272d0 1.8920924744716072d0 0.41689119512191836d0 -0.6233226868147008d0 1.2770602760319965d0
1.3714258182475976d0 0.4933230633422079d0 0.2770321410297117d0 -0.40435132597740475d0 0.7650477474902542d0
1.6258515569947845d0 0.6931036056405533d0 0.4631358541477179d0 0.04916723840423881d0 0.9530265720916568d0
-1.4751535494525028d0 -0.04173694550635737d0 0.3478817446128837d0 -0.6368812231099649d0 1.2145276460997576d0
0.5192205705093622d0 0.20277866334551325d0 -0.29218911738540676d0 -0.5918407491756402d0 1.1137687980603457d0
-2.0116083771167195d0 0.8664467433580303d0 -0.674353845776909d0 -0.6413580614609332d0 0.49941845298531323d0
0.6629661736971617d0 -0.33626775470928755d0 0.5597477073235764d0 -0.3877112357418916d0 1.0854593939112482d0
-1.545695674705702d0 -0.37012234054891047d0 0.1917797121865218d0 -1.2217751444481428d0 0.8126989077087017d0
-0.5585773638064637d0 1.2969452816413893d0 -0.010872291198523065d0 -0.3560524923477537d0 1.3216146057237297d0
-0.5407154323411287d0 0.6611729333915578d0 -0.139286767533987d0 -0.2885644904454625d0 0.881840357878914d0
-1.42166442604546d0 0.5737488613299746d0 -0.6109029150020834d0 -1.082532183027927d0 0.4264732958156996d0
-0.7212329439130112d0 1.1776903120123194d0 -0.3622234225184363d0 -0.38225671564956165d0 0.30968604827295315d0
0.1585298867393757d0 0.1251150166741308d0 0.25594842241288707d0 -0.3960660919876773d0 0.9983835273177734d0
-1.0327245500904594d0 0.8814563006560469d0 -0.033806844688674176d0 -0.188736279648293d0 0.6480961296165069d0
-0.6703664689055719d0 -0.8980921318450692d0 -0.037541568544154136d0 0.12936813632240912d0 0.9896031140194144d0
0.7406964345726471d0 -2.2225659961099677d0 0.38452904579476627d0 -0.5740674323011741d0 1.0365035849031086d0
-2.1399718957908074d0 -0.9111367354550468d0 -0.7267222886278353d0 -0.03747651292786214d0 0.2161507962776682d0
-1.1490675150909802d0 0.28707962650270014d0 -0.5307098853690543d0 -0.5614697436775274d0 0.545079415857134d0
0.463115160429506d0 0.09466390160614634d0 -0.09434380269884851d0 -0.20326198670919146d0 0.9687030768577967d0
0.28177503858616965d0 -0.057192669182752655d0 0.41567868409657477d0 0.4711986713962381d0 1.7166182993038779d0
0.7479603540646435d0 -1.3130868013799197d0 -0.02563678925947621d0 -0.820973220189749d0 1.2191082860000433d0
-1.1698938326457635d0 -0.5399754677888178d0 -0.8150038800414443d0 -1.048221681844754d0 0.4109500716318076d0
-0.0344414561139003d0 1.168483310436413d0 -0.20870902224725885d0 -0.3452241035176983d0 0.2519717573272577d0
-0.29506597803772205d0 0.3540189677011046d0 -0.0629661268755183d0 -0.29166304951155125d0 0.7666751231059263d0
-1.6204074758633669d0 -2.2783717580848073d0 -0.74211142251123d0 -0.3238687168073713d0 0.6589971172231801d0
-1.1663072846378233d0 0.5384134295815028d0 -0.576834596330239d0 -0.012510715362789915d0 0.607779733716759d0
-0.9350047792770106d0 1.4434572159023695d0 -0.5023415111409696d0 -0.3916791806628573d0 0.9526066095412318d0
0.9471089395853864d0 0.31354891300778676d0 0.35901790428426394d0 -0.2553543196683904d0 0.5765519652909956d0
0.8885111876656964d0 -1.2962114335846961d0 0.3665029362114479d0 -0.4861114835503231d0 1.0239747775161963d0
-0.19343355124888031d0 -0.39964242258551064d0 0.5771648478767614d0 -0.4518359063975197d0 1.1866696894280366d0
-0.8174998290344896d0 -0.7579464681387763d0 0.08762059694172131d0 -0.5464412447126515d0 0.8385331150407431d0
-1.0154493425381066d0 0.10816728477494539d0 -0.40805110527834887d0 -0.6542212069973329d0 1.22228669530457d0
0.3919035012481629d0 0.6565684740602812d0 0.17031815216149157d0 0.09767270680125517d0 1.1988874134672425d0
0.9582717135391493d0 -0.17375741315503435d0 -0.2341218710060518d0 -0.5683340359925502d0 0.44593017171547517d0
0.5974348065258985d0 0.022392444809999662d0 -0.29965625064135804d0 0.11815451378803526d0 0.34644829828314005d0
-0.5123189893292904d0 0.8713141118808774d0 -0.45003404746063846d0 -0.8194729856139784d0 0.6253574738276065d0
-0.2079636891594043d0 0.5955426146995444d0 0.22545469968073273d0 -0.5207409867523812d0 0.7454525135498867d0
0.7690283973482663d0 0.42375882947330584d0 0.26105426082116845d0 -0.1900698046528794d0 1.3531046273690963d0
2.5169610575407892d0 0.5738007145238841d0 0.08299312715939033d0 -0.3923613198049189d0 0.8156397930353331d0
-0.5784936158378964d0 0.3536828385168297d0 0.36203664871969343d0 -0.27017477468995543d0 0.8378779886136971d0
-0.12473817315504529d0 0.10872863854957086d0 -0.3509837290852631d0 -0.5502146539068137d0 0.9034567584356378d0
0.14906427560408442d0 1.2176083224304635d0 -0.4067705836160341d0 -0.350618035237643d0 0.5924717614985893d0
1.2791626040386825d0 1.2494638303502723d0 -0.20650445946875312d0 -0.827889302460182d0 0.8286832317316596d0
-2.987401345506846d0 -0.6611705473658447d0 -1.2542588523986207d0 -0.921170858883309d0 0.16261960494163505d0
1.18698097992507d0 -1.740773798827539d0 0.4693122349745539d0 -0.010438839362443886d0 0.36347720155990465d0
1.0223383565619668d0 -0.13524925504513396d0 0.11403100183377687d0 -0.31303188127572384d0 1.0569714667646457d0
-1.4342006153205107d0 -1.7121997380046838d0 -0.5089418799433463d0 -0.8140594838037427d0 1.1150234526433638d0
-0.10185983510806168d0 0.3382964568948874d0 -0.0996184461086468d0 -0.6444049392687088d0 0.9860365465832236d0
0.5994350326172905d0 0.8499331777015484d0 0.0633407759822944d0 -0.5651028136221938d0 1.4404395701348132d0
-0.30529402787554444d0 -2.297668876720113d0 -0.21194801977102848d0 -0.7788913928683718d0 0.7493291743360178d0
0.24523994258581958d0 0.3514317897115823d0 -0.40270960137954226d0 -0.7571404917679918d0 0.9830846402103315d0
1.3688858540635631d0 -0.5595134574603137d0 0.6457270247198716d0 -0.4892602452149989d0 0.6749367997006264d0
-0.5316387863323155d0 -1.396723007944727d0 -0.31606030758830594d0 -0.04675992991746514d0 0.29861413724996366d0
1.104209791840695d0 2.375044518762771d0 0.22756899711915113d0 -0.4375795323276078d0 0.2632876516227135d0
0.9496491567211555d0 -1.1731304064452872d0 0.1962764655201929d0 0.08475882974825555d0 1.0775573614638334d0
-0.2604834368548726d0 0.7019638588668332d0 -0.5017785632080007d0 -0.1835358123679644d0 1.3414522930571247d0
1.3412072354165399d0 1.2445246096071947d0 0.3720939054660226d0 -0.6949238575617476d0 1.6922004786404947d0
-0.21255106397460155d0 -1.0801288110549634d0 -0.10863016188085457d0 -0.36959532212743573d0 1.3706461589342926d0
-1.6035509761544995d0 1.643237324659531d0 -0.351096969382551d0 -0.8484876160023034d0 0.7450595029679209d0
-2.0920419952016007d0 -0.9886325397026764d0 -0.23541285345779006d0 -0.5129701010485032d0 0.6602360373754985d0
0.9927086824470679d0 0.002550886469756065d0 0.16495908619487204d0 -0.3594611513210879d0 1.2319520931907246d0
-0.7272095078726354d0 1.330188421210279d0 -0.4717182312470798d0 0.16217073786182884d0 0.4173546122893941d0
-1.1489835624523188d0 2.41047718018711d0 0.1224606880560527d0 -0.5549245000428475d0 0.5099135060343996d0
-0.05683486798526693d0 0.4073614596074466d0 0.02110001712962227d0 -0.49879956878830833d0 1.0855035140817189d0
-0.5793090130280711d0 -0.7544772723554392d0 -0.014989717286322483d0 -0.5759881185266691d0 0.6081151265996554d0
-2.7885398847513216d0 -1.3548114569749796d0 -0.8181622818237465d0 -0.623189314847526d0 0.6440096175154351d0
-1.3130331224295488d0 -2.2578279014240246d0 -1.007107709976279d0 -0.27988933362182694d0 0.1144904789543989d0
-1.7022456150111622d0 -0.2598386209686582d0 -0.6673515402499756d0 -0.4291160049956194d0 0.45269587482474205d0
-0.2823698105529807d0 -1.5217381514630133d0 -0.1062692065404085d0 -0.5274395940656071d0 0.7257728119751623d0
2.7239769866131804d0 -0.5929857387543298d0 0.34634515534814514d0 -0.5942657973619263d0 1.4149056636401844d0
1.025933301670309d0 1.3885089935111887d0 0.04375591532198514d0 -0.2226210937559283d0 0.845853141704022d0
1.5766208792020049d0 2.4466179490842332d0 -0.08345452384493479d0 -0.16078405144007438d0 0.6198847906792826d0
-0.7768938377270732d0 0.9971635936515867d0 -0.8814298563550909d0 -0.4479606343392094d0 0.32433941836078384d0
-1.3134459201761044d0 -1.1705872988775436d0 -0.2042632756470755d0 -0.11943145513575265d0 1.122085999581957d0
1.9939758072463005d0 2.182764873060982d0 0.23444558970870902d0 -0.5240399719988401d0 1.080155876114996d0
-2.8341103304332633d0 0.4156814204802317d0 -0.8345496130337449d0 -0.40200454400357993d0 0.6672368976462829d0
-1.0384915831288597d0 -0.7318871214687039d0 -0.4952784159089918d0 -0.4701738874107526d0 0.6311523834606008d0
1.392917370542656d0 -0.5722350119704656d0 0.9963691557640888d0 -0.6059444646735546d0 -0.3628081166338677d0
-0.3089112549170182d0 0.06498487003444119d0 0.64505665450333d0 -0.40043641004289854d0 0.910133739907959d0
0.7280492367337074d0 2.761272397698694d0 -0.27342400576125653d0 0.327310341409524d0 0.02092650263386492d0
0.7356758858564818d0 1.0196020372604842d0 0.435889728241104d0 -0.47581851031612943d0 1.448843998361566d0
-0.25310365907820875d0 0.3221682134775234d0 -0.25289844572073195d0 -0.47628380940669884d0 0.769308938659202d0
2.805417630719161d0 2.670853601617069d0 0.21981266305653074d0 -0.743332885287773d0 0.6792285633273172d0
-0.6831338185547832d0 -1.3810501628504894d0 -0.2246645131290432d0 -0.40303992443740416d0 0.9272784850765192d0
-1.6121871759902586d0 0.9862606738107338d0 -0.5001111471159695d0 -0.8825760801225345d0 0.5518804088593093d0
0.6467767683406416d0 1.51871543365882d0 0.7827051567455886d0 -0.056049853058530635d0 -0.14269666580917406d0
-1.5741207314124117d0 -1.3383767210975845d0 -0.9862920304150073d0 -0.43189921830827477d0 0.11577687690624361d0
0.27068964113044375d0 1.899431660927736d0 -0.5398260819348378d0 -0.46784788232170055d0 0.36271010764062617d0
-0.6971069478984246d0 0.7097408023949943d0 0.17636312010617064d0 -0.5573666971712774d0 1.4896998036677542d0
2.322240822695828d0 -0.4124414561551186d0 0.16223630802376826d0 -0.83664774662574d0 1.2951364341187692d0
-0.48126737850376305d0 0.8757001661031578d0 -0.009602754488130916d0 -0.8478960949986629d0 1.3661550389869308d0
0.19903718362436645d0 0.4163800381569245d0 -0.0018011621320222077d0 0.11785491657649616d0 1.0882290437966182d0
-0.006568799387213092d0 0.2859441319022486d0 -0.28633458674885126d0 -0.776088949034426d0 0.46840479152280146d0
-1.2646290271957605d0 1.0231668242333642d0 0.04273476309449309d0 -0.2479106676194554d0 0.7505661892938958d0
1.4998162605296175d0 0.33680230159035857d0 0.42948317603411734d0 -0.27756599831715756d0 1.7698361496517308d0
-0.04419573162785539d0 0.7638294463651606d0 0.2301439151661369d0 -0.48659078381832127d0 1.2931059551103699d0
-1.3726508597730278d0 -2.186987656547844d0 -0.0405306055728491d0 -0.9833309017002968d0 0.9934285758256697d0
1.3591133887716873d0 1.1113037589952381d0 9.822441973856566d-4 -0.008603843214186169d0 1.3222511375786827d0
-1.926449265777304d0 -0.8351561728804722d0 -0.6399675871556176d0 -0.3191300121869772d0 0.4485867216105234d0
-0.6577920941513667d0 -0.41873424168092616d0 0.1733478146574176d0 -0.3864956196573992d0 0.8470285342837964d0
-0.8144198008393766d0 1.1427901283739046d0 -0.84865838755187d0 -0.189792318786064d0 0.24845165992824328d0
-0.6919752425962286d0 -1.2868802041737502d0 0.18393386453598504d0 -0.29258356197675517d0 0.8985938260150292d0
-0.6554624637297369d0 -0.4647995502386165d0 0.044542451789126664d0 -0.6138765604138005d0 0.9986830956868756d0
-0.09292193699307238d0 0.04913962192831274d0 -0.10869218290142615d0 -0.3205070771010924d0 0.332295777583952d0
-1.0357040891232079d0 -1.603208708995959d0 -0.4706042945722783d0 -0.06107140361401736d0 0.5650189084070117d0
0.9174558392434555d0 0.2698167971720154d0 0.7246944679317432d0 -0.378443017799325d0 -8.866398557609845d-4
3.6489169548236657d0 0.012763476183535731d0 0.08113839181659138d0 -0.44649638487913534d0 0.8731938802399307d0
-1.833784208866637d0 -0.0874186533379258d0 -0.9675546811796294d0 -0.8080959282909365d0 0.07021002663104414d0
0.5568882025255719d0 -0.4515926981640006d0 0.2070255334977378d0 -0.07320981662173559d0 0.48506413865116704d0
0.185450892707856d0 -0.16421651494464504d0 -0.15312035471578633d0 -1.1763199948998477d0 0.5303076789475947d0
-2.5145045776834882d0 -0.022522016538164616d0 -0.4953785700042026d0 -0.33987890597888526d0 0.8746567435122179d0
-0.4218710047244554d0 0.566876028568347d0 -0.07716910440912052d0 -0.09332048491715011d0 0.7364017339449336d0
-1.6991678290154166d0 -0.9355348183270483d0 -0.5061369248399228d0 -0.43572331024124106d0 0.9096899156881595d0
-0.38111810734929796d0 -1.0273957518238301d0 0.1963197199451194d0 -0.594324478508317d0 0.8729086884965633d0
-0.04593067694772827d0 -1.2726119272334495d0 0.09603693833545256d0 -1.1047522546037392d0 0.9216303531309596d0
1.234816520329602d0 0.5151601809390384d0 -0.19167040104046879d0 -0.442285187853676d0 0.4097085041585645d0
-1.6539553243275087d0 -0.34639065523812923d0 -0.13219948425070766d0 -0.4864524321682502d0 0.6501118377067479d0
-1.0094895640484765d0 -0.9357590454717489d0 0.06188260346926508d0 -0.15487957622635293d0 0.4891317081802182d0
0.8581475893985758d0 0.5266440718990721d0 0.44529257780977227d0 -0.9532551590389207d0 0.5912504251230798d0
1.4405117219862296d0 1.3952943924030052d0 0.06141095875913985d0 -0.30814201945400166d0 0.6689508784778908d0
-0.9014789253662562d0 0.0984065602188128d0 -0.7833730723064027d0 -0.7933023481146144d0 0.3801521013125767d0
-0.07508014027393145d0 -1.2601606793633695d0 -0.34231508570704017d0 -0.6075053905688448d0 0.8553171821931089d0
-0.3714245354280654d0 -0.14162397978714586d0 0.3216069449985645d0 -0.19942554297388174d0 1.1690578171977026d0
0.032690624852620774d0 0.6967869025759528d0 0.0730271393502144d0 -0.21338512076323704d0 0.9731804484070483d0
-0.17888312918321442d0 -0.5837211552181406d0 -0.343933052029882d0 -0.2627773263975679d0 1.3764239548272308d0
-0.5623588315806404d0 -0.3323293307100019d0 -0.9064213726626743d0 -1.3131398241453929d0 0.5967668404678736d0
1.3583431621695707d0 2.325209451857889d0 0.05010042395754749d0 -0.1666576158479474d0 0.8730824547587761d0
1.7760768994818976d0 0.1565503835787838d0 0.06834332384866623d0 -0.2221950410228084d0 0.8351800469458056d0
1.5520681679804416d0 -3.2718666374755108d0 0.6724377187993945d0 0.3648603490931511d0 0.129595159681839d0
-0.2911008688092114d0 -1.3226264010529087d0 0.1621658816630467d0 -0.5320801459494089d0 0.3767575754665362d0
-1.325005441063993d0 -1.449177322345634d0 -0.4552713271133285d0 -0.24993504268131786d0 0.6813721839052514d0
-0.6590546207674391d0 0.7021004329295243d0 -0.3115306358618112d0 0.08959774938403309d0 1.3602040112144569d0
0.01649698721890811d0 -1.0118738080126783d0 0.06408114948153122d0 -0.20610015442524846d0 1.1064062156859853d0
0.7589880775173943d0 0.7049123775389443d0 -0.03960686209071966d0 -0.6266522511094782d0 0.5706372652201488d0
-2.2638658841610195d0 0.7453469919019634d0 -0.3455547664717318d0 -0.677115366796706d0 0.8516754415149453d0
1.8810263886497356d0 -0.5346797605360157d0 0.49280987406635024d0 -0.044667828059610115d0 1.2844480161669471d0
-0.006728768924777807d0 -0.341875633526106d0 0.020557206326653595d0 -0.33200408259603525d0 0.9080657444725964d0
1.4971063666038495d0 -1.0609102448436905d0 0.3497018960942151d0 -0.32275738993650244d0 1.254062242285951d0
-0.5107439553868026d0 -0.2518287680490223d0 0.4792205654074437d0 -0.4335414953841721d0 1.371606232995563d0
-0.632019043320841d0 -0.09574388654739689d0 0.17654377192774712d0 -0.10165906399264268d0 0.9326026019984666d0
1.74275139335464d0 1.5675353308754072d0 0.16658451203087513d0 -0.5876560057730682d0 0.7070906289733889d0
0.8390880197130733d0 0.6931829325944686d0 -0.04389205487208822d0 -0.6713360651156153d0 1.1871407715722255d0
1.688352707859693d0 -0.5389461908388776d0 0.19568863888171106d0 -0.8171933367931924d0 1.344323539789415d0
-0.47622290694678393d0 0.4923309930781064d0 -0.2151617390183319d0 -0.3756584798028025d0 0.9019959965232786d0
0.33527562674974937d0 -0.22326053893738773d0 0.38321584217618954d0 -0.42807963006544947d0 0.9175584151400007d0
1.025914083043622d0 2.2491493289418587d0 0.24558487778588975d0 -0.2553495508126987d0 0.5870253892599571d0
0.9856637383620658d0 -0.19430511054130029d0 0.4559036189208451d0 0.049183972820123434d0 0.6836828372700872d0
0.3809752096496959d0 -0.22362707318181124d0 0.39122379856566275d0 -0.6605866681996937d0 1.3662645515402707d0
0.5510445273323437d0 0.32833494191593554d0 0.4878026989964287d0 -0.22976332093958007d0 1.5371761111452118d0
-1.7776124423535535d0 -0.6260208594627656d0 -0.5799731521188631d0 -0.9013603765570564d0 0.9609646649318175d0
1.0145202264484452d0 -2.1043353661286783d0 0.8436933239204814d0 -0.30221216498927594d0 -0.27920322288429217d0
1.7894553242792022d0 1.1015978617996631d0 0.22169435596354106d0 -0.26924728670152975d0 1.1455897196812157d0
-0.6321747541216749d0 -0.08477278648192375d0 -0.1239129611972162d0 -0.25817887082877844d0 1.4555352648080264d0
-0.6437138488551143d0 1.4761289569485398d0 -0.48226213068983353d0 -0.4772974035822901d0 0.5570650834954581d0
-0.4717295845845054d0 1.8099070636086547d0 -0.036376048159284746d0 -0.5176286155648658d0 0.2761243799574643d0
-1.3320422569189887d0 -0.5622168924855225d0 0.25010179076750555d0 -0.09926804319231008d0 1.3302536928002555d0
-0.9283181844573342d0 -1.045667975581199d0 -0.1018974106782296d0 -0.5279514943889243d0 0.2532175639210317d0
-0.13403096260151437d0 1.122991456080421d0 0.2084886785236959d0 -0.3594852609393707d0 1.0681112977972256d0
-1.0049751553325301d0 0.6036039506823756d0 -0.12181860814293866d0 -0.3487540150574296d0 0.34377640609269217d0
-2.552163100136182d0 -0.3164076185789182d0 -0.6800814964724263d0 -0.8077211856779263d0 0.32752835885967985d0
-2.2269773369606556d0 -0.7648011681116232d0 -0.1911363446948377d0 0.14551272216575706d0 1.4990621854752588d0
0.3902899201343513d0 0.5229761958534968d0 0.079261347924419d0 0.24323991411392004d0 0.9485420508820808d0
0.03372731465394319d0 -0.5580272923816192d0 0.3036259946204065d0 -0.4991396314925448d0 1.1251752459888502d0
0.7734411184620474d0 -0.3053009257796447d0 -0.31890426506968095d0 -0.0869411620252511d0 0.9513998683870002d0
-0.10224282404436531d0 -0.571671042612097d0 -0.11748717069772814d0 -0.6507978799309686d0 0.06563407050495729d0
2.92121222926295d0 0.24831974583580427d0 0.8447745348509884d0 -0.6516266199741911d0 0.27096278254382805d0
0.29442383055424964d0 0.9755043348641625d0 0.25057617485003053d0 -0.5597903510507239d0 1.004157370852245d0
0.6276932569716137d0 0.06110111014177625d0 0.4241662809530076d0 -0.17744559655013506d0 1.1861689026501918d0
0.8316377664225834d0 -0.6162097587064262d0 0.2514841489919115d0 -0.6946988222822073d0 1.0663649738300072d0
0.6019171760526271d0 -0.15590871850793037d0 0.07196392621064346d0 -0.16301414587395543d0 0.9697875359243476d0
0.806380452773566d0 -0.40314738864461813d0 0.8150932456226392d0 -0.2954189326171306d0 0.21126930281279266d0
0.9915331168776852d0 2.0175593659234816d0 -0.2626515040832914d0 -0.3415234663292116d0 1.0894396361761476d0
-0.6885376961857741d0 0.23937320987465532d0 -0.4942933339544399d0 -0.39429416052416594d0 1.2599777176236189d0
-0.012715746449781526d0 0.8023618428726977d0 0.1932879022801276d0 -0.4376366848118934d0 1.197139076954955d0
-1.7174406741715853d0 -1.1732888307806082d0 -0.3042554716940734d0 0.12970454188174158d0 0.4538538738594276d0
-2.721949433633499d0 0.22452004791283164d0 -0.8901777319516849d0 -1.021513855288594d0 0.7273792345534622d0
0.08974452581243278d0 1.0534285904315892d0 -0.19249362385472388d0 -0.6662819456724046d0 0.1691615871770712d0
2.0421614969396695d0 -0.812521809697928d0 -0.22213986174320077d0 -1.0068896855371112d0 0.7986851774943426d0
-0.6209433371922409d0 0.4397230289505906d0 -0.06106082538679079d0 -0.8061335336749261d0 1.3282018771206419d0
-0.9699500138340934d0 -0.673655259556735d0 0.18584752703699445d0 -0.3436666127063335d0 0.9245798619599335d0
0.6870515358166509d0 0.08502223211280917d0 0.4380286730126768d0 -0.6448735692963994d0 1.1227802372159499d0
0.051937008270617535d0 -1.8285901196122858d0 0.2548765028333552d0 -0.24144551976095785d0 0.48929786093964855d0
-0.5049862985264852d0 -1.000105652844365d0 0.08940870010394525d0 -0.005316327862997239d0 0.6856834316590106d0
-1.3573268808280397d0 -0.5787707954072513d0 -0.05979033729581945d0 -0.5059049060858338d0 0.9579664949410331d0
0.21540087027906174d0 0.23872578346951373d0 -0.8243052448770488d0 -0.1398871938774653d0 0.36233014594344387d0
0.381296945648533d0 1.3192992844970353d0 -0.3375728088599557d0 -0.9193560497359654d0 0.8800501976570141d0
0.6751963171864326d0 0.40362823636022443d0 0.38156327897666675d0 -0.19811756902558286d0 0.6439923565328503d0
-1.82860524428234d0 0.4978306053066976d0 -0.3276216818609927d0 -0.10625205287851963d0 0.6159990935948442d0
0.47203387610871095d0 -0.8108392839157396d0 0.4361406470286761d0 -0.18189400108033835d0 1.2408170522935316d0
-0.05185288464156899d0 -1.0242903821397598d0 0.12420631305265771d0 -0.5940424810444496d0 1.1989022970126286d0
-1.7422860407166734d0 1.1075337374482974d0 -0.35873079446152434d0 -0.20792348905138486d0 1.009741404110782d0
0.1248122520180872d0 0.6121850672465088d0 -0.04476728332832082d0 -1.063619560598314d0 1.065679372402136d0
0.660983098619494d0 0.317612349309002d0 0.497364190560979d0 -0.4697506981162419d0 1.1312982730215222d0
-0.3645238108827258d0 -2.71928182614823d0 -0.39315615399563636d0 -0.8038629465295535d0 0.3259921472675237d0
1.1545082721910758d0 0.7728432762258581d0 0.09717734111141005d0 -0.3560241197210784d0 0.6754059264554508d0
-2.1956157529515976d0 -1.2497433577168278d0 -0.810799101637178d0 -0.16147527791101834d0 0.775704126721062d0
-0.35212011825647255d0 0.6309516034668643d0 -0.3429891260227973d0 -0.2389787554932884d0 1.0997766044042112d0
-0.837334519487911d0 -1.2301122898421144d0 0.038435842246705196d0 -0.9111938595114248d0 1.0659907778685593d0
0.8768548898748404d0 0.10454607123789993d0 0.1754079871513571d0 0.1808502719252038d0 1.311322357626989d0
-1.1406537361822195d0 0.14363482264285735d0 -0.01639315947959069d0 -0.6420142547223618d0 0.727465068729866d0
-1.4944124106460206d0 1.8480837595100055d0 -0.9202252775540487d0 -0.6016693233239755d0 0.24904116904927778d0
0.14876597906894673d0 0.13142284547486394d0 0.14635473005303837d0 -0.5167341797920908d0 1.17674412523231d0
-0.6595266916433989d0 -1.0573218762441057d0 -0.045750168175691705d0 -0.8941364862884408d0 0.875118143866979d0
0.33389174702382907d0 0.5751045432709504d0 0.048885888182367235d0 -0.4909689664526739d0 0.8526373497332924d0
-0.9768676248627196d0 -1.1206571047144402d0 -0.5306683319799242d0 -0.7804809242673663d0 0.6665541023878251d0
-0.7381555554830846d0 1.4277572563805914d0 -0.09266043532358806d0 -0.6325985113917713d0 0.32393986083875503d0
0.31355062982006493d0 0.6843667799063141d0 0.11836460465842472d0 -0.1256271028321232d0 0.9978942612591111d0
-0.22300963048372477d0 1.5817929791959893d0 -0.3030883277983127d0 -0.5093961120578969d0 0.6134302739593751d0
1.2128383448319542d0 -0.42028420213536183d0 0.5989672884216696d0 -0.26267473664924157d0 0.6643643312890734d0
1.7478283833298214d0 -1.5289190289455585d0 0.12285912521178155d0 -0.5856540739886736d0 0.564959904522452d0
-1.0592918330813272d0 -0.08060596717003542d0 -0.3876140813298201d0 -0.258966221207344d0 1.2467052389470084d0
-1.4166290782650681d0 0.8083441701602254d0 -0.19427659964472754d0 -0.6678489508746522d0 0.4909909703926829d0
0.40108183609972814d0 -1.384000016871181d0 0.22645156121518115d0 -0.22122565782921233d0 1.0934837370469221d0
-1.4104493383034071d0 -0.16752361434054086d0 -0.09610934175997526d0 -0.14155193812090816d0 0.8162362815728263d0
2.616896838810341d0 -0.31406090446401036d0 0.3496564561496054d0 -0.1809123155624131d0 1.150261842853732d0
0.2529924669742259d0 -0.5254101941072601d0 0.5535422943027767d0 -0.21494572033828738d0 0.45014989094600133d0
0.3177673212105043d0 -0.22941941431025964d0 0.23911066151530053d0 -0.6532543377828055d0 0.9974838118552355d0
-1.2493728780824167d0 0.7209509243456917d0 -0.8797274310442844d0 -0.4173937137913888d0 0.47532017290652145d0
0.19852931089974626d0 0.3718051513462283d0 0.016780770212146377d0 -0.38504824223989703d0 0.9284456691085672d0
-0.30411026420777976d0 -0.4496940200879448d0 -0.033765507787051306d0 -0.6383111374373799d0 0.8075142272185573d0
-1.5446084613904287d0 0.30260636535229746d0 -0.2175186028705249d0 0.10820957602942077d0 0.5051433648992907d0
1.4348178747689972d0 -0.5994080786362127d0 0.29458437634439305d0 -0.1880636357047411d0 1.2776499443334544d0
-1.520291681553769d0 2.1487382242869164d0 -0.8366561700634697d0 -0.08222931862590299d0 0.44755327909686116d0
0.21260421748112782d0 -0.6395871260411705d0 0.48970239091865425d0 -0.28734899621959237d0 1.0720754146437887d0
-1.1388852354018257d0 -0.8386683875031296d0 -0.08429247214911056d0 -0.4290859827756651d0 0.7181470270917467d0
-0.1861922553702979d0 0.15269874254293944d0 0.034218350395756846d0 -0.7049549159086502d0 0.7514519635707662d0
-0.6097143053425517d0 1.38590731110273d0 -0.6998087895076234d0 0.05246084168000087d0 0.742545149683471d0
-1.0618456183201777d0 0.42199004810337043d0 0.20322901408280847d0 -0.09190777369818365d0 1.515776697916405d0
-1.3281035885718868d0 1.4156436935807184d0 -0.9488096895851601d0 -0.6074332108525348d0 0.02249432640447868d0
0.8421467100513976d0 -0.5494651557833554d0 0.42521650657774646d0 -0.18777664860872717d0 0.9917619421586077d0
-0.3990886706365632d0 1.2156473182049792d0 0.008764725523602884d0 -0.4549547559644875d0 0.640558074658345d0
-0.06843411036559958d0 -0.65462422710765d0 0.17677942709751154d0 -0.1761229098858049d0 1.1387799147722393d0
1.4417736056876949d0 0.9401721409280567d0 0.32197328267872716d0 0.054307613011700395d0 1.3385249443992184d0
1.2418189954762346d0 -0.26031341482847536d0 0.792469476813674d0 -0.3631996421354724d0 0.02570525670790011d0
-1.3059048985073936d0 -1.5683334855988313d0 -1.0719186696513674d0 -0.30742050697530754d0 -0.010772570747350246d0
0.24905640079375815d0 1.001298446332299d0 0.30168962341990924d0 -0.1795918079129825d0 0.995116766404619d0
0.6074824862019336d0 -1.9644648335240922d0 0.2963880637378498d0 -0.16583518411993167d0 1.4578643615614388d0
-0.13160166889296443d0 -0.14881306954071635d0 -0.0989559929448587d0 -0.9379278155912082d0 0.5883708850983906d0
-1.8269119873847375d0 1.006419025562164d0 -0.5825080417202806d0 0.03201641820516676d0 0.548180508803558d0
0.6910331282429795d0 -1.5071402288576805d0 0.6600276790878998d0 -0.21146922214449482d0 0.6228721797034095d0
-2.4241553199682135d0 0.0938836477108639d0 -1.0045133723426982d0 -0.5246248627441058d0 0.8124172814442265d0
0.11414809715849722d0 -0.36486573745012535d0 0.11343240748714134d0 -0.5943245309868862d0 0.42485021395458045d0
0.6540849060733946d0 1.2289468492355111d0 0.03142032508605157d0 0.3373819571606859d0 0.8277973915139825d0
1.4299849475030222d0 0.801605154834108d0 0.4551000629549479d0 -0.6191871174592618d0 0.7158391275512418d0
0.8388350323939242d0 0.34692777114585577d0 -0.13276784720387588d0 -0.3131662262647186d0 0.3100398665312807d0
0.6161041995577409d0 -0.3111758904200162d0 -0.08296009774344787d0 -0.17028651295711783d0 1.42658959754538d0
-3.2805802339434975d0 0.33735759450130853d0 -1.0133098221737216d0 -0.8842176597996318d0 -0.14027817086873362d0
0.40429511193124434d0 -0.7303452673548823d0 0.5050533021408115d0 -0.0785783522020243d0 1.359131673699772d0
-1.9956310653154559d0 -0.5878559324302415d0 -0.3846733426537899d0 -0.1438526697534967d0 1.1090363103731473d0
-2.1779474611545186d0 -0.6335647984324464d0 -1.1334935493066478d0 -0.7906560756809138d0 0.9969831000193154d0
-0.8073802457592454d0 -0.8868645804373642d0 0.17686910168888556d0 0.028664190422005797d0 1.1521312933486363d0
2.544410999126437d0 0.4937159085409045d0 0.6370305947492708d0 -0.023435488437271113d0 0.5621919152010143d0
0.8299270459382688d0 -1.689382755534927d0 0.00990947318148605d0 -0.5963949123454652d0 1.0458068327357704d0
-0.1211025154526609d0 -1.623794213365091d0 0.1756124707572292d0 -0.3022612480895126d0 0.589207629176522d0
-0.08952017584776646d0 -0.669539194643814d0 -0.269041739521854d0 -0.9786404534711283d0 0.5490330685785442d0
0.641441876846366d0 0.30327092141857187d0 -0.38893595261923464d0 0.13627601010773094d0 1.0959458251498413d0
0.2693433688434802d0 0.7559390440683578d0 0.22033526502635678d0 -0.36178427574298166d0 1.6464362717683887d0
-0.09423481132965567d0 0.6484976041857639d0 0.38534069090052064d0 -0.06133042136074085d0 1.597050139007906d0
0.30889816938441195d0 0.23481273907182082d0 0.024499542186579237d0 -0.6330906018668397d0 1.1228931207318797d0
0.6896711850218404d0 1.4156457159181621d0 0.24049109288399595d0 -0.05313394284489281d0 1.318490708558245d0
-0.05865915039491579d0 -0.8361031273356885d0 -0.4326222020214916d0 -0.4044535161931011d0 0.7867606742739645d0
-0.6775577689993335d0 -0.0686838596925728d0 -0.15036683605309037d0 -0.5238546322750596d0 1.0206159590400667d0
-1.1925377098185603d0 0.3124050742370707d0 -0.3661439715413405d0 -0.07148900191693752d0 0.5827677312743224d0
1.8879410551909688d0 -0.56808038603018d0 0.5380842193975024d0 -0.6962037380779634d0 1.4152722735276346d0
-0.2484232199614888d0 -0.30116966649282056d0 0.36852532464611854d0 -0.7581467066896411d0 1.5174132190021474d0
-0.6237571534718687d0 0.23136128849737606d0 -0.7078559244684327d0 -0.6720459135375224d0 0.6569113135059317d0
2.0402195524944875d0 0.6330890365048991d0 0.5653349598832599d0 -0.429415720057682d0 0.8819527648643235d0
-0.6953574323495971d0 -1.735833016245913d0 -0.1908873208889566d0 -0.444945966762053d0 0.8897874541236274d0
-0.19423046212561726d0 -0.3767969468079832d0 0.1677377805381585d0 -0.5374742247231572d0 0.9096678744090336d0
-0.8087115751491519d0 0.3337693164094592d0 -0.6453239630898322d0 -1.0474298422610504d0 0.6364939707762078d0
0.6767003498744258d0 -0.9345173591590529d0 0.983334667055756d0 -0.4960180336669723d0 -0.21748979511725103d0
-1.0348234265059713d0 -0.3741013033793425d0 -0.12814416661280523d0 -1.001862621134019d0 1.0722854348407564d0
0.4569557840003064d0 0.037977289518470056d0 0.28991794196458703d0 -0.3891778020572005d0 1.429028101698059d0
-0.8568425208854176d0 -1.700500430485359d0 -0.21821390395496623d0 -0.6028094200173095d0 0.3053350347538853d0
2.155916134539743d0 0.3027733005695167d0 0.411000799285414d0 -0.08271625471697094d0 0.8195048497225469d0
-0.10097257253741486d0 -0.5088630501810982d0 -0.027351082344438116d0 -0.48221896908402484d0 0.3469253102713036d0
2.2176278264804026d0 -1.0773716561479474d0 0.516948128808824d0 -0.13263633326691432d0 1.1214755351414192d0
-0.7328422908101564d0 0.517199667140927d0 -0.19298701369271548d0 -0.7373008929792668d0 0.12295806716525126d0
0.4692416310235299d0 0.3514836940290103d0 -0.1048596520506071d0 -0.3989579493303715d0 0.6283945171394572d0
0.15183777497820272d0 -0.5728701329855969d0 -0.5168627130465748d0 -0.11285235027595802d0 0.7148765379386081d0
-1.3265175866989452d0 -0.4250639953600333d0 0.12135027182830438d0 -0.155511182554963d0 0.8534631430193804d0
-0.6746815837109613d0 0.45139575998049863d0 -0.10293972491286406d0 -0.34491642538387224d0 0.6008476455457228d0
0.05366444437317629d0 -1.7711975021288187d0 0.20124352806049609d0 -0.7074846369310153d0 1.3820103362376808d0
0.7377211243518262d0 0.9109029188467475d0 -0.05139195073042244d0 -0.5013761737047387d0 1.2063724246098186d0
0.40806101909747045d0 -0.6186894602641483d0 0.06383054000601271d0 -0.6945628704907989d0 1.124467490954739d0
-1.0646615685648622d0 0.10791849186467631d0 -0.5149307884645821d0 -0.3514243394136076d0 0.6691638096282321d0
1.0722220824725524d0 1.2877228272479324d0 -0.4727502415021947d0 -0.4837469040884962d0 1.1266057156225515d0
-0.54586644568081d0 0.7086959530613496d0 -0.3616904101157487d0 -0.5504191276821068d0 0.5723074108374607d0
-0.42722191171068846d0 -1.997350433209019d0 -0.4937149993221995d0 -0.7090646541686799d0 0.1654506701334016d0
0.6225085411369715d0 -0.5142537399379289d0 0.5613754483676286d0 -0.021545443777490347d0 0.6314733132050014d0
0.8923453002796407d0 -0.6502985260017532d0 0.164031564319305d0 -0.26211016830870587d0 0.865253772008042d0
-1.1165113338980934d0 -0.7212343426019102d0 -0.12405537901956046d0 -0.668876836620538d0 1.0987292658113705d0
0.32225762256717416d0 -1.6336123352885945d0 -0.21769724040838986d0 -0.3396237430197242d0 -0.02085177100531954d0
